49
6136 4640 2
1489 4791 2
8129 5690 2
6136 673 2
3968 4640 2
3911 4207 2
5234 4791 2
3911 2836 2
6936 1576 2
6136 6042 2
3968 3589 2
6779 5227 2
3968 673 2
5271 2922 2
6042 1576 2
1433 4791 2
7827 4207 2
4611 4640 2
6945 4791 2
673 1576 2
6475 6535 2
6715 1209 2
6136 6936 2
3968 3016 2
2836 4207 2
6945 4 2
3578 1576 2
5990 1489 2
3589 3589 2
704 4791 2
5714 4640 2
6136 1576 2
212 4640 2
2528 6907 2
6136 3578 2
6475 5234 2
5690 704 2
1576 6136 2
8129 704 2
7950 5676 2
6779 7145 2
5271 6535 2
3911 7827 2
5271 704 2
5227 7145 2
5990 4791 2
6715 7145 2
5271 3198 2
8240 4701 2
