7409
2453 212 2
6977 6796 11
7751 6 2
780 4020 11
2526 4085 11
1130 7515 11
1259 4513 2
4106 4939 2
8269 459 11
4461 40 2
6778 1033 5
1096 2088 11
5095 6061 11
5752 2251 11
5339 1580 11
5411 6334 11
4287 838 11
6669 919 11
6421 7702 2
7841 3661 11
7420 2655 11
4483 3183 11
678 5853 11
6365 2459 11
5383 3231 11
3443 5081 11
5989 478 11
7826 4928 11
8061 6940 11
194 4807 11
1899 4144 11
6500 2401 11
6535 6298 11
1123 7176 3
7535 1232 11
240 3641 11
7449 4998 10
3066 224 11
4738 1362 11
7854 2606 11
5212 7366 3
3319 7809 11
6374 5361 11
1237 2846 5
5280 7046 2
3622 4459 11
1612 670 0
4868 2147 11
3364 7570 11
4309 1994 11
8089 2324 11
1130 6255 11
6393 812 0
5557 7264 11
2996 5633 11
7581 2507 11
5467 7789 2
4983 1915 11
1072 6820 11
8254 7440 11
3454 2478 11
2817 4631 3
962 1201 2
664 1517 11
3198 6323 11
4455 391 0
1340 7074 11
6474 7517 11
6348 6839 11
2661 3576 11
1434 1822 2
7686 7323 3
7913 3176 11
243 2756 11
3612 6989 5
1843 5728 11
3479 2802 11
8157 2874 11
2627 7746 10
6925 5401 11
2065 2244 2
2584 2812 11
8262 1594 11
4182 1576 2
5253 3052 0
5513 7175 11
7033 1373 2
4031 2954 11
4388 7914 11
8262 830 11
1489 2189 11
4014 5734 11
7673 3462 11
176 5207 11
4580 5017 3
721 3968 2
1092 427 11
4222 730 11
2508 1264 0
7608 7711 11
2805 2382 2
3531 3006 2
4189 3651 11
4424 7186 11
2126 2040 10
5990 389 2
5066 3720 11
3541 4499 11
859 6819 11
2896 1571 11
2966 3118 5
2725 4824 11
288 2915 11
1543 6468 11
8192 2141 11
597 6536 11
3890 4640 2
5638 7274 11
1361 5838 11
5615 1673 11
4871 114 11
7979 5383 2
4335 5609 11
5383 690 11
3155 7908 11
5619 509 11
647 2122 2
3794 2983 3
3076 6519 11
7924 3560 0
5622 5012 2
4639 2304 3
4633 4162 11
5227 204 11
6944 3993 11
6972 6744 11
8192 5493 11
4448 2297 11
2699 5234 2
617 1635 11
4958 5783 11
4948 6603 11
1576 2101 11
1463 6491 11
285 421 1
8132 7783 0
3623 1281 6
309 3759 2
5201 2411 11
2528 8109 5
1058 3354 0
4423 6047 11
513 3785 11
4901 1784 2
5936 7206 11
2878 4039 11
4213 2132 11
2082 7418 11
4856 523 11
7617 667 3
3940 4860 11
3267 1447 11
5472 7174 0
281 1628 11
4138 7640 11
3463 3286 11
3032 845 11
5353 1103 6
5470 6819 11
3175 4999 11
1611 4651 11
855 2180 11
4207 2900 11
5026 862 11
354 6835 11
1822 896 11
2649 3224 2
3832 3845 11
7273 2056 11
4246 6120 0
6249 420 11
1795 5055 11
6977 4282 11
6486 3451 3
6945 6715 2
375 7477 11
6715 6966 11
4430 6722 11
5851 1743 11
4423 5234 5
676 1558 11
4746 6379 11
6405 5691 11
7502 1122 11
6692 4324 0
212 4640 2
1651 4492 3
2889 2172 11
6059 7130 11
4620 1670 11
6463 4060 11
612 1531 11
2165 1918 11
1058 6864 0
5006 4116 11
4763 4869 11
1418 1528 3
2564 5664 11
6284 1515 11
3752 5287 11
362 5166 11
7257 3499 11
4267 3068 11
4530 4292 11
1783 6677 0
531 7752 11
5574 6310 11
1114 87 11
6389 189 2
6448 7550 11
4536 4463 11
8191 4684 11
4128 158 3
143 718 11
2856 1766 11
3636 7294 11
2872 2728 11
3932 5612 11
6326 6966 5
4536 1566 11
7830 8228 11
1987 4109 11
6222 3724 11
2779 577 11
5959 1989 11
7075 1931 11
5848 4243 0
5855 7291 3
1108 2336 11
775 4927 2
6446 817 0
6936 3968 2
2511 4369 11
6072 910 11
4823 2121 11
5427 4948 2
889 1020 11
3911 7999 5
2992 7626 2
683 4892 0
3016 2094 11
4513 5597 11
6650 8149 11
3752 7093 11
1451 3587 11
5063 7201 11
1618 1969 11
3155 1688 5
5641 1665 11
3733 6263 11
1268 3204 2
6717 6584 11
704 6991 3
3489 4582 5
5339 6097 11
1270 3681 3
2528 6907 2
4846 207 11
7306 2027 11
8279 5682 11
510 2999 11
3323 8164 2
928 6973 2
5959 6438 11
5503 7891 11
4334 1275 11
6761 6076 2
3662 907 11
5234 2836 2
6141 3631 5
1987 1433 2
2705 2907 11
2230 2911 2
5477 5073 5
7359 7463 11
770 4272 11
6903 3051 11
7768 5669 0
4657 426 11
7245 5153 11
267 3062 0
3228 8231 11
4763 4451 11
1096 4087 11
4568 3215 0
7796 162 11
5147 5626 11
524 5322 3
6994 450 11
382 624 11
4823 4415 11
2871 309 2
4025 4180 11
7172 190 11
8074 1556 2
168 1260 3
7108 4685 11
2529 7899 11
7726 4830 11
4388 6134 11
7337 6916 2
2199 1809 0
4469 3099 11
1733 5990 2
6848 4355 11
788 3002 11
2702 7831 0
658 4861 11
6653 1147 3
1221 1853 11
6402 3432 5
3343 1433 2
5592 2740 11
1631 7358 11
4852 2617 11
5452 7329 11
7796 685 11
4856 7070 11
4262 5393 2
5810 530 11
3291 7445 11
3180 677 2
5239 7819 11
3919 4570 3
6973 6973 2
5954 5863 3
8272 5555 11
7913 870 11
6205 6636 11
8104 6541 3
3445 2107 11
1433 4791 2
901 6212 11
4903 6122 11
6064 3665 11
3874 2488 5
7535 920 11
2582 3672 11
7205 2441 11
2825 8192 2
7805 4221 11
5316 2758 0
4681 3000 11
460 4198 0
4687 492 11
4653 5393 2
6903 81 11
316 4760 11
1576 6932 11
4489 222 11
6513 244 3
258 395 11
2878 1715 11
4967 7025 3
4153 6561 11
3861 5925 11
7761 1246 11
7654 2396 11
4247 5527 3
7747 4783 0
3175 3895 5
3775 5569 11
173 6306 11
7626 5976 11
6535 5946 11
6521 2066 11
639 2235 11
6972 1636 11
8038 726 0
6429 3439 0
6312 1704 5
5372 6357 11
2941 51 10
5598 1294 3
2699 6663 11
64 107 11
6253 1453 11
169 4506 2
2133 923 11
1898 6061 11
1217 1297 11
4681 4491 11
3027 6988 11
839 2693 0
6645 3682 11
3118 5812 11
6809 1679 11
2199 3951 0
3573 2305 5
2597 7227 11
6862 3973 11
4505 2578 11
3857 273 11
5990 1495 11
4778 4202 11
6170 3965 11
955 7623 11
3804 1365 0
2610 5918 11
6522 717 11
3601 8028 11
819 5290 0
58 4333 11
7696 1316 11
524 1243 11
6136 4278 11
4257 5176 2
3233 3554 0
6368 1400 11
6749 4396 11
3325 5279 11
964 2097 11
574 2004 11
4207 7699 11
4483 6582 11
2408 5558 11
8161 3276 11
4969 7348 6
1659 2710 11
2345 5393 2
1791 5248 0
3479 7062 11
6596 5774 5
5386 5955 11
1090 3740 11
7976 5284 11
2777 3745 11
5385 4619 11
6073 446 11
3703 1288 11
4481 4505 8
962 6403 11
5116 5263 11
5270 3290 6
8180 6701 0
7526 2493 11
1431 7292 11
1522 3917 2
1778 8182 11
70 6378 11
5565 231 3
3968 5506 11
4303 5227 2
3539 3388 11
7281 6727 11
4963 5376 11
6972 4132 11
3149 6076 2
999 8057 11
83 4313 2
4484 2111 2
4464 6635 2
7812 6105 11
5959 3564 11
8161 5764 11
619 5943 11
3990 161 2
6945 6259 3
2508 6244 0
1450 8184 11
7521 7839 11
4430 2528 2
4164 5058 2
4553 374 11
1576 3006 2
3175 1179 11
2164 6819 11
2360 3284 11
6272 1550 11
617 7956 11
608 5491 11
4433 1911 11
2839 8183 11
4496 7614 11
4692 5729 11
4828 1599 11
532 4315 11
2144 5574 2
2249 6540 2
3968 3016 2
3343 3986 11
1113 2366 11
7063 2278 11
4568 7639 3
4620 6422 11
2903 1741 11
793 1660 3
4981 6845 11
3491 218 11
4030 701 3
6326 8110 2
7173 4341 11
389 2513 5
6074 8021 11
2996 7674 11
4943 1433 2
2479 356 11
826 6690 11
7950 309 2
4185 7095 5
1245 6401 11
6800 4772 11
1854 7097 11
5906 1245 5
7561 2046 11
143 223 11
7172 77 11
3382 1504 11
527 3321 11
8171 3201 2
7091 2055 11
1432 3671 11
4894 1716 11
7595 7042 3
7901 4883 11
7132 6726 11
1534 3302 11
6252 7150 11
7245 144 11
5565 6918 5
7033 5806 11
4828 4743 3
1334 4646 11
655 7735 11
988 4332 11
6187 105 11
7435 94 11
871 695 11
3716 276 0
2277 6042 2
3892 6236 5
6166 820 11
5610 7827 2
83 6509 2
7762 287 11
4376 4991 11
4915 335 11
5516 10 11
3896 2505 11
1201 5383 2
1433 8143 11
3274 4471 11
833 6621 11
3773 6540 2
788 7149 11
5274 7998 0
3511 1241 11
5410 5983 11
4319 686 11
3599 5459 11
731 4367 5
1364 1543 2
6096 2721 3
3622 6275 11
8104 3121 0
2118 1597 11
2556 3673 11
5271 4951 2
6064 6699 2
975 5601 0
537 4343 11
707 6412 3
1904 2283 11
3370 1193 11
7100 5105 5
5547 5301 11
1734 8264 11
2611 7238 11
3492 5025 11
6946 7527 0
2422 1376 11
6195 3969 2
7779 1731 0
5155 7731 11
5567 5856 3
6841 7730 0
612 5858 2
5516 7094 11
3492 230 11
3702 7362 11
5470 7892 11
6136 4993 11
3323 5428 11
5584 2284 0
1763 6114 11
1641 1892 11
836 4429 11
3710 2928 5
2530 5919 11
4469 7745 11
6653 6772 2
2118 7882 11
3911 3968 2
1059 2784 11
7419 5611 0
7787 5420 11
1433 1543 11
8129 3998 11
951 7258 11
7860 2245 11
5063 5722 11
6945 720 8
3890 1373 2
642 8247 11
2528 6042 11
6152 4316 11
5271 5825 0
4262 1543 2
7705 5934 11
212 7360 11
1079 5972 11
362 11 11
4656 2391 11
4246 796 0
3066 5740 11
5894 4686 11
7111 3164 11
5710 5929 6
227 4529 11
2598 1124 11
2563 8250 11
3373 7023 11
6303 6168 11
3481 2006 11
7919 751 11
3395 3165 0
3094 3802 3
4275 3189 11
329 7865 2
5588 7027 11
4412 5951 11
1201 8174 2
8103 4952 11
3643 8092 11
1331 4873 11
5299 1439 11
5386 2348 11
5988 7540 11
7387 1155 11
3650 23 11
637 6354 11
1318 3824 2
1295 6728 11
5990 4791 2
6462 5563 11
4469 3071 11
7061 1884 2
3471 4122 0
598 5027 11
3539 8110 2
6482 6921 11
194 8042 11
5353 3618 6
6798 7013 3
7827 6907 2
3940 3410 11
8013 7978 11
1475 5019 11
1556 4571 2
1489 864 11
7260 343 0
6475 334 3
6936 3330 2
2397 5266 11
6900 7129 6
4676 6782 11
6070 6880 11
2080 4405 11
4213 5785 11
4657 771 11
6800 7728 11
6170 7829 11
3171 1201 2
1061 2890 11
6080 643 11
2741 2640 11
2699 4472 2
4633 7572 11
3026 2893 11
781 4954 3
2663 7511 11
440 5524 2
4551 5290 11
3961 3627 11
5331 4058 11
2530 2699 2
6887 2981 11
2882 286 11
6189 3187 11
5410 6413 11
7637 5227 2
6984 8212 11
6849 1687 11
7651 6831 11
8109 2333 11
2092 7939 11
1354 5712 11
3968 8065 11
6556 7117 11
4553 3871 11
1789 96 11
2118 5011 11
5201 2695 11
488 6183 11
4075 6437 11
8039 552 11
251 4845 11
999 7299 11
6984 6635 2
2664 2835 2
2843 3475 11
7413 2906 11
7177 942 11
6476 626 11
4951 3803 11
188 3819 11
7322 8235 11
1050 6529 11
2699 3013 11
1092 1919 11
33 5550 11
3080 6215 11
676 2221 11
3317 1640 11
3557 4788 11
2853 5189 11
1542 385 11
358 5227 2
5227 2660 11
5227 2809 2
6136 1953 11
6513 5882 11
6824 894 11
8279 5496 11
28 8050 10
1648 5692 11
937 4556 3
1884 7537 11
6475 6535 2
5560 1411 11
5227 1664 2
928 2128 11
7061 6931 11
3080 2706 0
6296 6608 11
3080 4071 11
6023 6651 5
7381 2562 1
3238 3929 11
6945 2699 5
6190 1500 11
3816 6724 2
7976 6737 11
704 6945 11
8279 7079 11
7706 5629 11
1402 4911 11
463 3248 11
745 4850 11
5547 4203 11
6535 438 11
750 3278 0
5769 3777 11
6672 1110 0
5410 404 11
3511 7002 11
4516 471 11
7936 7302 11
2080 2837 11
6650 8024 11
2000 3583 2
934 2072 11
6790 791 11
5645 702 11
955 5285 11
7351 5994 0
4781 8016 11
6944 595 11
69 4563 0
7419 7170 0
5198 3243 11
2782 5817 11
3386 5397 2
1140 7276 11
5519 3829 11
4482 5275 11
3493 4644 5
5852 6853 11
1651 7821 2
6328 6232 11
1534 4968 11
2032 1685 11
111 1995 11
4303 1162 2
5848 5766 0
3203 6821 5
4527 534 11
1419 6127 11
6313 5309 11
5990 284 11
2839 208 11
2725 2131 11
7341 2873 2
316 3295 2
3744 4395 11
3919 1424 3
1708 1787 11
4323 259 11
4257 6654 2
721 693 11
692 1085 11
5306 4093 0
2836 3911 3
6945 7941 11
2273 1131 11
7953 2143 11
6330 2595 11
7817 5305 11
621 5552 11
6356 2279 11
7289 1543 11
6424 6926 2
3196 498 11
5060 1543 2
5805 6099 11
3646 2734 11
1319 6579 11
7253 3648 0
5899 3130 11
3968 2233 11
3944 4500 11
3545 7982 11
5151 7361 0
5329 3049 11
2738 3399 11
6330 8124 11
3932 4009 11
3515 1344 11
4856 4344 11
3970 1377 11
5051 2976 11
4948 2545 11
6043 4654 11
2796 7110 5
7538 3157 3
3043 4462 11
5458 7087 2
2102 4018 3
1563 4989 11
5385 8195 11
6262 5034 11
4164 7917 5
7145 7967 3
4760 4633 2
7924 3706 0
1406 2244 2
5571 1748 11
6084 2580 11
7143 3077 7
2080 3810 11
6521 2063 11
6781 4368 11
1319 1770 11
4267 5938 2
7337 1690 8
4716 4762 11
5259 8280 11
2864 3326 11
3541 7361 0
2973 5121 11
4217 5143 11
1796 4409 0
1432 5834 11
1441 1366 11
4729 1544 11
8055 5290 11
458 7991 11
5602 1391 11
3006 666 11
6141 3315 5
5920 2504 11
2457 279 5
1833 8220 11
950 1797 11
3638 8096 11
6222 5110 11
1157 7243 11
1772 5109 11
2148 7893 11
5227 4804 2
3521 1504 11
4829 592 11
160 6010 11
4391 6398 11
3343 1464 11
4583 7133 11
6715 2195 5
4661 1342 0
4815 2727 3
760 1989 11
4751 3202 11
5353 2496 6
6073 6050 3
4469 6625 11
3188 6987 10
4829 3212 11
258 7295 11
8240 4701 2
1140 3540 11
76 1552 11
84 4853 11
4193 4561 0
4507 2334 11
7502 4866 2
4141 6191 0
2779 4136 11
951 8008 11
1105 7843 11
7627 6087 11
4165 7235 3
4262 3252 11
3369 6030 11
6441 3620 11
6267 677 2
7143 1489 2
1986 5437 11
4774 6560 11
3129 348 3
8060 3917 2
3436 2219 11
3054 2041 11
6672 7233 0
679 215 3
1933 2887 2
2711 3582 11
2267 8139 0
607 4380 11
7524 7252 11
3868 6274 11
2458 7280 11
3032 1557 11
788 7315 11
1733 3158 2
5064 2060 11
5989 6363 11
6653 4016 3
2949 3770 11
2533 2194 11
1813 8276 11
1752 6913 11
805 3406 11
3043 6907 2
7817 495 11
4650 1774 11
1819 2416 11
7107 8031 5
1209 7923 3
7488 1359 11
6381 4046 0
3874 6952 11
2991 5215 11
5988 7211 11
6578 4311 11
1121 3484 5
3988 4169 0
3623 792 6
160 3015 2
6356 2876 11
2759 5383 2
4707 1744 5
4823 7404 11
7218 6939 5
5092 6233 11
5076 7085 11
160 4099 11
7148 5227 2
7924 7605 0
1475 7021 11
5329 5440 11
5916 4293 11
5858 612 2
329 1941 11
4498 2381 11
6505 1942 11
3577 837 11
5271 5959 2
1468 4790 11
6945 2840 3
1613 2282 11
3593 1311 11
1581 8085 2
7927 3893 11
7586 3900 11
6429 5857 0
3482 360 11
7744 5230 11
1280 4113 11
6109 4798 11
8132 8202 0
7111 7850 11
64 1496 11
6963 959 11
790 2935 0
5518 7474 0
1764 8010 11
3091 1556 2
2973 1727 11
4142 4242 0
7484 2803 11
642 1765 11
704 8130 2
4101 3805 11
7833 6107 11
7523 6186 11
5832 606 11
551 3827 11
4075 5813 11
5792 3940 2
7469 1740 0
6766 6040 11
5507 2244 2
2887 4349 11
6641 7830 3
3643 911 11
243 5707 11
1340 6608 11
7271 8054 11
2000 6502 2
3816 5238 11
5673 417 2
4717 2170 10
2438 7542 5
6862 6719 11
7808 5018 11
5962 4769 11
1870 8049 5
6977 4884 11
7705 237 11
4958 1546 11
1659 615 11
5411 1905 11
2605 7756 2
1481 538 2
720 444 1
4178 2677 0
3405 968 5
5673 1313 3
2782 1477 11
4738 4207 2
6655 883 11
2061 2465 11
6809 7679 11
2928 5515 2
7253 2301 0
5676 4188 11
1830 8153 11
598 1929 11
2393 6287 11
75 5870 1
5288 6776 11
5135 6619 11
8232 6943 11
1095 1876 5
1387 7977 11
4571 7194 3
5959 2520 11
6360 5224 11
1778 4235 11
1463 4733 11
1659 5170 11
2048 5463 11
543 4469 2
4217 7316 11
3857 7980 11
1676 27 5
3196 6496 11
2446 6264 0
4305 1405 2
3905 834 11
4027 4622 0
1036 958 0
2476 3740 11
8210 2701 11
6574 3940 2
1882 3496 11
1502 4072 11
1807 2161 11
865 3828 11
6552 4621 11
1419 5346 11
969 5119 11
7521 494 11
1783 6052 0
8213 5892 11
5556 6214 11
5580 1442 11
419 4421 11
3117 4874 11
746 5501 6
2448 7866 11
3246 7905 11
7520 3413 11
7654 760 2
4448 4312 11
7744 8037 11
639 7490 11
824 7861 11
6038 1984 11
5745 2294 11
766 3825 3
7761 4135 11
5271 3158 2
3783 179 11
2920 7714 0
5883 1906 2
6624 4160 11
6038 4061 11
7827 7626 2
3967 2666 11
2963 2775 2
2476 5921 11
1111 7277 0
4424 7038 2
8185 3017 11
7762 4339 11
7322 6164 11
7435 2907 11
5227 2842 3
1028 7491 11
2228 915 2
2448 4817 11
537 2612 11
1187 7048 11
2528 5878 5
2445 7519 2
3759 3525 3
5746 3047 11
5651 4280 11
7231 1425 5
6039 3659 11
3907 7112 11
3338 7367 10
7205 4655 11
4319 990 11
7695 4660 11
1081 8023 11
7812 512 11
6515 5223 11
3529 7479 11
5731 5656 11
6717 2313 11
5333 1333 11
3366 6934 11
4183 80 2
3919 92 3
7452 5747 11
2133 80 2
3578 367 11
7556 7675 11
740 8159 11
7257 9 11
1167 313 2
848 4191 11
5306 7894 0
5432 4802 6
4978 2299 11
4609 4656 2
2908 1305 11
1845 1642 11
3854 1614 11
1620 1243 11
2154 7259 11
1337 4151 11
7158 8198 11
8242 1265 11
2211 5008 2
7257 7338 11
6900 2326 1
6945 4365 3
2034 2886 0
7405 2929 11
7419 4149 0
3968 1530 11
7390 4439 11
7687 4596 2
5962 2936 11
2896 1173 11
746 6551 1
2081 2814 11
1065 5443 11
5206 203 11
1576 4251 3
532 1220 2
4 7940 11
2480 238 0
1791 6111 0
2885 4795 0
25 5863 3
6632 4511 0
1738 989 11
8018 8229 11
440 1000 2
2490 4864 11
4097 1621 0
7726 6216 11
1348 2974 11
64 5688 11
5086 1781 11
281 2022 11
888 8076 11
5076 8190 11
2155 6731 11
1372 310 11
3382 5192 11
3655 5234 2
6249 6974 11
2386 461 11
2725 2653 11
1813 4942 11
2174 5030 11
5755 4067 11
4611 6110 11
7200 3418 11
1569 5005 11
703 867 11
4613 45 3
1605 2560 11
7368 3067 0
5385 3307 11
5432 5003 1
4774 277 11
4455 6077 0
7564 4241 11
394 3818 11
1331 7487 11
7124 204 11
2236 6535 2
2699 5311 11
4567 5414 11
4586 4514 11
524 6711 11
4138 6071 11
2227 167 11
5565 4779 5
7617 2268 0
4551 4535 11
6631 2760 11
5810 2204 11
7895 5438 11
4791 1758 2
4933 5028 11
664 4176 11
7715 7709 11
6936 2748 11
7433 6214 11
1653 1939 11
5760 318 11
5760 4465 11
382 2378 11
3512 2213 11
7502 4810 11
7796 7296 11
6936 1576 2
6324 7858 11
7833 1499 11
2966 1195 5
2092 2369 11
2346 1261 11
6945 4734 3
513 753 11
1676 412 11
934 3578 2
2408 5489 0
7631 3774 11
7138 1478 11
2002 208 11
607 7369 11
4367 6830 11
6222 7546 3
1441 4294 11
5638 6829 11
6067 4040 0
2566 6060 11
6217 3172 0
698 3923 11
3043 1165 11
1417 98 11
574 2224 11
4544 5193 11
858 6343 11
3267 5702 11
8121 611 1
5655 4064 11
755 3757 11
1854 1601 11
7652 7202 11
4185 2786 3
1178 5965 1
7889 4959 3
8204 7398 11
1345 400 11
7413 6526 11
1042 4382 11
7301 1132 11
2317 1576 2
75 3428 11
5916 452 11
7143 3422 2
3369 646 11
1583 4838 11
7124 5407 11
4081 2309 5
1631 6160 11
6599 2714 11
4664 8132 3
1449 7144 11
839 2887 2
5227 8154 3
7496 5265 11
3907 3350 11
6330 6053 11
1562 5534 11
4964 5515 2
2153 4711 11
2536 5788 11
6976 5551 11
5602 1565 11
574 8234 11
6475 3016 2
4770 5876 11
4334 3210 11
2885 1883 0
5975 2722 11
2910 6302 11
6794 7318 11
5350 5779 11
5393 2365 11
6328 4016 3
1221 4543 11
621 3205 11
4036 539 11
1368 1775 0
2950 8252 2
6136 6042 2
2877 5079 11
3091 3155 2
1402 6478 11
6945 1576 2
5181 5104 11
4702 6297 0
8061 7823 11
5092 1975 5
8272 4833 11
5896 1518 11
5833 7423 2
2952 6081 11
6832 7993 11
1615 7690 2
6098 2731 11
4319 1572 11
5240 5680 11
7382 7827 2
441 2162 0
4676 1215 11
1227 3113 11
329 1989 11
540 4086 11
3638 8251 11
5051 3339 11
1049 3918 11
6267 5678 2
2877 1992 11
7244 4574 11
8265 3696 11
316 2017 2
6365 2274 2
2274 4278 11
1525 2331 11
3557 4286 11
5065 5933 11
2721 4434 3
3054 5550 11
5799 8052 11
2528 8109 3
285 6442 1
271 6477 2
2639 7582 11
3702 6342 11
5161 5672 11
1598 4135 11
4412 6283 11
5421 767 11
3541 868 5
5026 4041 11
5478 5335 5
5095 7792 11
3208 3024 11
3238 2399 2
4433 4385 11
6596 7769 5
5780 6879 5
7464 8033 11
3255 5749 3
4818 8281 11
4479 5293 11
521 1779 11
1842 3114 11
6382 2600 11
1467 247 11
180 6825 11
6944 7389 11
5970 1755 2
5676 3485 11
2933 8201 11
1600 5864 11
2620 6078 11
6717 4435 11
7705 3411 11
6089 7694 11
2896 6220 11
6189 6764 11
2448 6256 11
226 815 11
6204 2092 5
5244 8125 11
4784 1818 11
5442 5231 11
6405 2218 11
7351 4642 0
4915 5142 11
609 3878 11
2635 6469 11
176 3613 11
7106 2152 11
2908 2451 5
2637 3136 11
6766 4322 11
8090 5829 3
657 91 11
5927 6027 11
4440 7784 11
1440 6119 10
950 762 11
1567 8209 11
7889 313 2
4635 5103 11
290 6901 11
7279 3959 11
6715 1209 2
3885 4172 11
4969 148 5
6535 5970 2
3509 3522 11
580 6938 11
6847 6754 11
3188 3398 11
3589 7454 11
4211 6498 11
3366 5995 11
1971 3931 11
7057 1514 11
4141 5587 3
656 3141 11
2529 2193 11
5904 1010 11
934 5608 11
111 7859 3
833 4988 11
2531 3759 2
3246 4397 11
2374 1146 11
5076 6277 2
7695 6959 11
8191 1609 11
1378 3030 5
3881 4225 10
1492 4852 5
6515 4307 11
6151 6665 11
1057 6806 11
2980 1043 11
2117 3934 2
4791 5237 3
5851 6172 11
3943 1646 8
6779 7054 10
4981 4469 2
6535 5048 11
2968 1276 0
5698 6580 11
2957 4909 0
7898 2044 0
5828 4628 1
4367 4678 11
6336 2538 11
332 3472 11
2165 3685 11
3117 5087 11
4055 1582 5
7495 3469 11
6181 1683 11
5548 8177 11
1564 5670 11
2738 5211 11
6896 8048 11
678 4473 11
1114 2953 11
4506 867 11
5338 387 11
5008 7963 3
3616 1937 0
1958 5093 11
2312 4476 3
2091 6542 11
3006 956 11
4834 3096 11
676 7514 11
1662 3114 11
1237 3006 2
394 806 11
6136 3578 2
532 6847 2
8166 7827 2
5086 3538 11
7279 883 11
6475 1317 8
6346 8169 0
6674 5735 11
6059 6683 11
2637 6613 11
4885 5909 5
2827 1322 11
737 4170 11
6429 2804 8
7959 7611 11
1063 3674 11
126 5515 2
2777 799 11
6590 1315 3
647 5891 11
2397 2340 11
3968 2045 11
824 7713 11
6622 7996 11
7676 3917 2
4770 2241 11
2805 7159 11
7500 156 2
5769 5328 11
7400 977 11
6629 6088 11
2360 3884 11
5458 168 2
2705 3698 11
707 2229 2
5288 1656 11
7757 3908 11
4901 3625 11
6429 825 0
3529 516 5
7691 3859 11
5155 6868 3
7182 5514 3
8191 7006 11
4776 5325 11
6936 7555 11
6945 4791 2
2012 714 11
6072 7613 11
6356 8126 11
4141 582 2
1963 741 2
2980 6585 11
4676 8129 5
2872 6409 11
5988 4537 11
4984 2052 11
1542 4633 2
4986 4131 11
2927 4331 3
290 4502 11
5962 3337 11
2891 239 2
6656 8059 2
836 5002 11
6872 4223 11
1356 484 11
4903 3688 11
5874 5798 11
5063 2338 5
3832 8084 11
1417 7647 3
3021 6353 11
1708 4204 11
6340 467 11
2117 8239 3
2590 2922 11
5234 760 2
3343 3044 11
7895 5053 11
3714 4736 2
4551 8253 11
76 6690 11
4676 6312 5
1237 2532 3
7689 4158 11
6205 7180 11
5470 2675 11
2033 2405 0
7457 1263 1
527 2209 11
3677 8275 11
2664 4640 2
1978 4856 2
3323 5164 11
3285 1712 11
5299 1296 11
1201 6113 3
6643 8073 11
5198 1551 11
1501 2907 0
4485 6823 11
7670 1482 3
3983 6304 11
6549 2726 11
7270 3315 11
3643 3331 11
2476 4934 11
6535 123 11
2311 1494 0
408 2362 11
4839 1200 2
5942 1454 11
7063 3211 11
6697 1249 11
6165 7336 2
5915 6955 11
1626 7300 2
6483 2907 11
5320 640 11
2091 3400 11
2641 8116 11
5413 524 2
7342 7439 11
4138 6981 5
3273 2360 2
1205 6530 11
1996 8146 3
4947 3808 5
2039 8106 0
7456 6383 11
2852 7234 11
7947 7596 11
5227 4458 11
6181 4135 11
1652 3213 5
7913 6185 11
5752 3301 11
6936 6786 2
5874 6956 11
5227 3385 3
4334 2028 11
998 7905 11
6945 1933 3
5916 4252 11
2992 6090 11
1641 1172 11
5072 7866 11
5037 2599 3
2338 3879 11
1489 4449 11
2958 4794 11
1598 5393 2
5769 2318 2
6074 5531 11
3590 5129 11
4658 3069 11
6869 555 11
2488 5161 3
5916 3341 11
8121 5803 6
58 3298 11
6025 5292 11
2963 650 11
780 4808 11
5064 5705 11
6869 3604 11
4028 2286 11
1045 5843 11
2992 6860 11
2818 2176 11
5234 3657 2
5181 266 11
212 1326 11
4323 78 11
6336 2596 11
1108 3323 2
6962 7823 11
3756 2256 11
5271 3498 7
4025 5847 11
7802 7626 2
408 2364 11
2720 3450 2
6629 7329 11
3968 4278 11
3885 1367 11
5718 3107 11
3208 735 11
6042 454 5
6321 1226 11
6771 7856 0
4737 2769 0
1201 5903 3
4482 5914 11
5818 1190 11
7061 5659 11
1332 5167 11
3941 7684 11
3170 3217 11
6395 2687 0
5453 3725 11
2491 4273 0
8045 1835 11
1042 5499 11
790 1947 2
4915 6425 11
6945 3097 3
7817 1576 2
5533 3543 11
69 3232 0
5519 6143 11
4656 1016 2
678 8135 11
7458 3514 11
2227 3124 11
5392 88 11
3158 1429 11
189 2807 11
1543 5191 2
5453 4720 11
3733 1168 11
111 2729 5
5181 4457 11
4469 5772 11
3832 415 11
4691 5546 11
3590 7955 11
3511 4034 11
7421 6693 11
3342 1895 11
5655 8263 11
3578 542 11
1348 7065 11
2684 6615 11
1108 2320 11
4354 6456 2
2239 3660 2
985 1005 3
4657 8114 11
8085 2191 11
2386 4270 11
2572 6592 11
3573 5524 2
4226 6396 0
5 3592 11
5421 7888 11
4032 7857 2
170 1526 3
5297 6885 11
4305 4736 2
4275 1951 11
5978 2293 3
6590 7135 2
1208 6116 11
8219 887 11
8213 6435 11
7057 5290 11
4484 4402 2
368 1230 11
1097 2483 11
4692 3603 3
8269 2119 11
6443 3769 3
3557 914 11
6374 2744 11
4877 3409 11
3773 5769 2
6715 6924 11
243 6245 11
1751 4318 11
679 2376 3
7688 693 11
5503 3569 11
6109 5419 11
7629 5404 11
1879 7548 11
1114 2516 11
6936 5877 2
5927 3894 11
3438 7739 11
1581 4370 11
4737 1907 0
999 761 11
1671 4858 11
2637 1669 11
3967 3084 11
6847 6600 11
1589 2042 11
1243 2543 11
6907 6095 11
6205 7290 11
1250 3219 11
4894 5175 11
7556 1559 11
5271 7433 2
6424 696 11
8074 951 2
824 3582 11
5584 7832 0
6202 2207 7
945 7665 11
5259 4276 11
2374 5543 11
934 3865 11
1489 3624 11
4534 795 11
1623 1049 5
2872 3266 11
2965 1945 2
8036 1728 10
4781 5448 11
3983 50 11
922 4050 11
4701 1174 2
6505 5131 11
6319 514 11
7281 3845 11
5006 8175 11
755 5861 11
5535 8069 11
3896 3889 11
1547 4336 11
316 982 11
6790 1435 11
7148 7145 2
4214 1696 11
4084 1011 11
1894 7015 11
3349 2090 0
7626 7616 11
8039 6237 11
1027 5523 11
326 8192 2
4643 3335 11
2061 8083 11
5219 5719 11
3890 3726 11
4047 1688 2
201 6392 11
2360 7254 11
2257 3860 0
6044 6457 11
721 4273 11
6141 4597 5
2732 3547 11
3040 7096 11
4611 5495 11
770 1943 11
5475 1289 0
2818 6935 11
3546 4074 11
930 1980 11
4778 681 11
5462 80 2
2877 3968 5
4552 141 3
1819 6732 11
963 6149 3
3526 3715 11
886 909 11
4002 4596 2
2871 2451 5
6629 661 11
3323 7249 11
6799 2202 11
2222 7954 11
1431 4787 11
2770 6936 2
4130 2718 11
1833 8079 11
6337 5966 11
2091 181 11
1401 1456 11
4542 5402 11
937 2798 3
2923 4633 2
1613 3279 11
3387 5725 11
1134 6459 11
5641 3753 11
7975 3156 11
7812 6915 11
7271 15 11
819 4905 0
5560 5875 11
7706 3389 11
7827 4207 2
4151 5999 11
745 7409 11
4004 7134 11
6356 704 5
1205 2158 2
5453 2510 11
4174 3778 11
7827 3166 11
422 8068 11
5698 6819 11
5731 3647 11
554 6745 0
5684 1201 2
8115 3966 11
1023 4855 11
585 807 11
6556 4352 11
2885 2789 0
5234 4791 2
3643 4299 11
6832 3875 11
3016 8148 11
1657 6817 11
677 228 11
1934 5814 11
4539 4115 11
4786 3820 11
2632 7466 11
116 6671 11
4257 1698 2
1247 3102 11
6358 3762 11
3861 5020 11
8063 2260 11
4101 5529 11
3416 500 11
6125 1100 11
5805 7345 11
3657 5979 11
2339 8046 11
5392 4673 11
5622 653 11
240 7197 11
7522 5435 11
3118 6575 2
6593 274 5
2479 4749 11
7505 6059 2
6217 7770 0
5542 7350 1
5643 1224 0
5227 1137 2
5515 2234 11
810 1278 11
3683 5903 3
5161 4152 11
4871 3866 11
5802 317 11
3476 4381 11
677 3985 11
1150 861 11
6535 6993 11
1027 625 11
1843 4230 5
4247 1109 3
2274 4825 2
3448 1740 0
3717 2159 11
176 1754 11
5271 6535 2
1218 3220 6
7374 4867 11
3467 4053 11
4761 5524 2
6464 1325 11
5990 7786 11
986 6514 11
826 1661 11
4635 5449 11
2669 2836 2
2274 309 2
2838 4842 11
8192 2057 11
1955 4396 11
2889 2621 11
1134 2450 11
5759 1908 11
422 3066 11
7099 2892 11
7412 612 2
1317 5841 11
7706 2184 11
4729 3296 11
3006 994 2
3023 7171 11
7063 3374 11
737 4698 11
4130 3359 11
309 4825 2
3833 4709 11
58 548 11
5507 5282 2
1119 1695 11
2910 5356 11
937 7022 3
4507 3955 11
2611 1444 11
6896 3383 11
6899 4889 11
1356 6788 3
7091 593 11
8242 4234 11
5271 3630 8
5687 7666 11
288 5068 3
5655 729 11
1612 4295 0
3687 7052 11
2649 3653 11
3905 4960 11
3214 3700 11
7496 997 5
1516 7960 3
6415 17 5
5130 5071 11
3228 6261 11
4702 3206 0
2636 4676 2
7578 3591 11
1819 4104 11
1233 2188 11
6137 774 0
1605 7447 11
3578 3449 11
6475 7827 2
1784 2887 2
3477 4464 2
4123 3946 11
7833 6694 11
3023 5515 2
1569 457 11
7934 3393 10
6325 6767 11
3521 7004 11
3747 3191 11
1065 3913 11
8265 219 11
2419 6902 11
2013 145 3
7837 6025 5
1381 2715 11
7336 5343 11
6069 4545 3
5198 473 11
7779 319 0
508 3 11
1201 6499 3
6635 7853 2
4056 6020 11
7069 4275 3
5904 2253 11
2785 6811 11
1221 4442 11
1381 563 11
642 7780 11
8013 3556 11
4613 2 11
6717 4017 11
4567 6271 11
3733 6034 11
488 921 11
7495 7763 11
889 5648 11
3578 2106 2
984 2474 11
1643 3577 3
1736 2938 11
5353 2581 1
3481 3610 11
4189 6936 2
1332 1396 5
5535 2414 11
2808 3396 11
5874 3787 11
660 2370 11
4618 644 11
3708 6846 11
2250 6813 11
2082 5046 11
4786 416 11
4930 2415 3
6252 967 11
5731 8034 11
679 5617 3
5522 1486 11
5271 3198 2
2064 4946 11
6656 8121 2
2346 6909 11
6117 6774 11
2153 4940 11
4056 420 11
5181 553 11
3443 5165 11
627 322 0
4290 464 0
7631 293 11
2408 177 2
448 3532 11
6666 601 11
6655 1386 11
657 2549 11
1694 2929 11
314 2561 3
5421 1363 11
6833 3565 11
6166 5604 11
2651 3619 11
1072 5387 11
5323 7721 11
5778 732 11
3489 4640 5
5031 6597 11
1688 5260 2
934 6947 2
2467 4713 5
6206 5169 11
6891 2942 11
3911 7827 2
2951 1324 11
1123 7403 3
5651 2733 11
5271 4734 3
5533 2534 11
7827 4545 11
3441 2975 11
1501 2836 2
5364 7576 11
6616 4029 11
3358 347 2
2179 3226 11
7890 4048 5
6348 586 11
6945 7643 2
7081 3066 11
3555 3912 11
6705 5502 11
227 2524 11
4084 562 11
7947 4019 11
3940 3886 11
2971 4399 11
1959 8192 2
6749 2784 11
672 2792 11
5993 7319 11
1842 2015 11
7771 4995 3
1817 4003 0
1620 2426 11
6781 7003 11
1475 4837 11
5206 8255 11
1189 40 2
604 7873 11
2488 2894 11
629 1956 11
4899 309 2
5989 4538 11
2686 3108 11
1080 4065 3
1543 4253 11
4885 4520 5
3381 3957 11
5072 7900 11
288 1721 11
2135 4672 3
2889 600 11
780 6294 11
2997 6707 11
1039 3847 11
704 1008 2
1631 4739 11
2699 2672 3
7336 738 11
7387 905 2
1843 432 11
6190 5412 11
1233 3811 3
6522 1175 11
5297 4477 11
2250 4258 11
2011 1433 2
3454 7988 11
6374 5885 11
7301 1262 11
3464 7951 5
2764 1717 3
4986 5589 11
745 5434 11
7372 7867 11
7787 1230 11
5528 1815 5
2118 1576 2
970 2094 11
1879 1981 11
6848 634 11
2735 3315 11
4498 5096 11
3481 309 2
2788 4404 11
5393 3922 5
1247 4349 11
3752 2901 11
2383 2431 11
7771 4173 10
5333 2242 11
8071 5566 0
3116 6693 11
3155 4571 2
4027 4513 2
1096 1887 11
4423 2356 11
2853 2969 11
7597 7185 11
6656 6792 11
5316 2246 0
12 998 5
3420 2617 11
1506 7573 11
240 5776 11
5904 4847 11
5889 4469 2
2741 2332 11
2000 1075 2
2511 1829 11
2528 147 11
5560 7468 11
2705 6883 11
1088 6033 3
6213 1009 11
5503 2025 11
7586 8230 11
3274 4284 11
5271 2699 3
2961 1392 11
6574 1259 2
3155 4379 2
7641 6618 3
983 4224 11
775 1410 3
6724 6487 11
750 8067 0
4487 963 11
6382 1437 11
6945 2432 11
4774 4700 11
4423 6888 11
3152 3521 2
2944 8121 2
7950 173 5
1115 262 11
2536 6231 5
5508 316 2
5227 4880 11
3092 350 11
6265 2967 11
4558 1458 3
5442 153 11
4640 3227 3
4217 3415 11
7475 3429 11
7413 7212 11
7317 578 11
5008 843 5
1319 7554 11
3531 3584 2
6405 4592 11
6470 2676 11
5350 4278 11
3631 3699 11
7736 5354 11
3764 560 11
4047 7830 3
2864 219 11
7453 664 2
508 401 2
423 5351 11
4 3002 11
4906 2831 11
1105 7697 11
1960 6276 11
4271 2699 7
3555 5460 11
1115 311 11
4182 4183 2
3416 3494 11
1691 7388 11
2648 4859 0
8165 4077 11
4361 5056 11
274 4595 11
1170 724 11
3104 7126 0
755 1166 11
886 5564 11
394 2677 11
1250 2146 11
1432 2685 11
5339 6733 11
6849 1972 11
7341 3503 11
2997 1455 11
1581 8121 2
2064 7410 11
4702 2470 0
5823 2248 2
4852 5483 11
12 1228 11
5993 5912 11
7106 4414 11
1955 5106 11
1462 2913 11
619 3731 11
4933 1771 11
3116 8230 11
5786 3650 2
6535 6802 11
271 6933 2
5268 7145 2
1187 1699 11
5557 4310 11
8213 3397 11
2620 5618 11
6862 2503 11
2785 1678 11
1196 7340 2
4433 4146 11
1227 5281 11
4544 1 11
5234 2412 11
8109 4163 11
3023 2768 11
4189 4564 11
2742 5289 11
5588 6763 11
1540 4856 2
6518 4709 11
4908 3155 2
285 7268 1
7807 8027 11
7958 3300 11
1583 6617 11
528 5897 5
3382 1586 11
7662 79 2
4516 2776 11
3240 431 11
4527 1723 11
7075 6440 11
6549 1408 11
8055 2613 11
4906 896 11
1270 875 11
6555 891 11
3481 5078 11
3975 1393 11
7526 1107 11
5368 5334 11
4472 4659 5
6136 906 11
1417 5823 2
3367 7189 11
1208 7606 11
182 4881 11
6101 3790 0
4213 6430 3
6985 3239 11
4088 2978 11
704 4423 2
6086 5178 11
2590 3585 11
1795 7471 3
2774 2054 5
5665 2502 3
448 7646 11
1158 7155 11
4177 5433 11
1886 6727 11
5432 4168 1
6848 3792 11
2208 235 11
2492 2623 11
4391 6689 11
3054 6513 5
6109 3088 11
7827 4598 11
496 1745 11
4737 7361 0
6152 4501 11
2492 5184 11
4897 8019 11
4367 7799 11
7958 505 11
4778 6734 11
3601 6995 11
6125 3508 11
5988 7007 11
7336 5213 11
7813 7161 11
6336 8048 11
5352 8192 2
3612 1095 5
411 2674 11
5583 2948 11
1401 4408 11
5560 4018 3
6072 4977 11
2699 604 11
715 7642 11
3624 6704 11
1576 2985 11
1310 6178 11
6875 8155 11
983 3028 11
2153 337 11
619 283 11
1092 7467 11
4031 727 11
4208 7102 0
2853 4038 11
969 5609 11
6807 2917 11
332 2196 11
657 1480 11
6927 1210 0
6790 894 11
5594 92 11
4882 280 11
6715 4585 11
3861 5303 11
7484 2747 11
1922 2099 11
6189 7554 11
3589 1399 11
5262 1433 2
6340 3936 11
5410 2518 11
4986 3763 11
8138 5859 2
6389 6389 10
7522 6726 11
8232 3444 3
779 7377 3
7676 4607 11
4267 429 2
7057 4519 11
3118 2966 2
6448 3845 11
4552 7926 3
2171 7529 11
4984 2586 11
3968 4640 2
6945 2836 2
1194 2360 2
836 6750 11
5031 4146 11
6211 6406 2
6983 5565 2
5568 166 11
6360 1913 11
5227 2464 3
7652 2665 11
7689 599 11
5810 4066 11
2049 4446 11
1158 1073 11
2720 2314 11
3635 2243 5
7565 6162 7
3133 1856 11
656 5398 11
1738 973 11
7654 820 11
6151 3368 11
5393 566 11
5973 52 2
1160 3948 11
8196 3602 0
433 3675 11
8101 8259 11
6326 2540 11
3162 4406 2
677 4155 11
488 3942 11
3886 5831 11
8018 1991 11
1606 2231 0
597 493 11
226 2068 3
201 935 11
4151 4025 2
6389 4878 2
4872 6238 0
5475 3458 0
3006 3114 11
5416 4329 11
6535 3022 11
5274 1688 2
1925 1799 11
4983 3722 11
7663 1351 11
3635 4371 5
1433 8244 11
4965 3280 11
7520 2435 11
5868 4526 1
3253 6633 11
1637 2717 2
3880 4010 2
1387 4990 11
7011 7772 11
531 5958 11
6453 4169 0
6659 469 11
6927 6373 7
4096 1576 2
3513 3704 0
6696 894 11
4469 5307 11
810 6563 11
135 7305 11
531 5482 11
4870 5261 3
4687 3235 11
345 2548 11
2230 430 10
6973 3899 11
8157 1102 11
3708 8064 2
1111 5701 0
7311 6698 0
1433 679 5
4174 3652 3
6184 3323 2
1345 1035 11
2360 7774 3
386 7225 3
6366 441 2
544 301 11
4207 8160 11
7826 4721 11
6986 4151 2
5280 3197 2
1641 7308 11
2928 4259 11
3304 7795 0
2646 1154 11
1051 5417 11
7924 1786 0
1986 708 11
709 567 11
777 7645 11
281 6785 11
2135 8214 11
2610 3221 11
7814 3452 11
3853 8274 11
654 5313 0
6458 2375 11
7108 4417 11
4746 2587 11
3853 1548 11
2839 4667 11
4453 7678 11
6397 3058 11
2250 6557 11
3018 6322 11
7696 5530 11
2875 6780 11
5828 5464 3
4791 389 5
6211 8172 0
8265 3392 11
3198 7487 11
4112 3120 11
5513 2421 11
2682 1047 11
6599 3667 11
4553 485 11
6963 5744 11
6697 1537 11
804 3281 2
3752 828 11
2961 526 11
654 5524 2
3016 1084 11
1746 3057 11
1492 5585 11
2471 2300 11
2902 6892 11
1567 5044 11
7523 7880 11
8013 5358 11
5350 5974 11
884 1619 11
2360 7525 11
7539 357 11
4469 4701 2
2856 520 11
405 6535 2
3170 2380 11
3861 931 11
3721 4533 11
1451 874 11
866 2475 11
5920 7221 11
6195 4777 11
3110 5359 0
2445 2608 11
1170 1855 11
5673 7698 2
6552 6292 11
1759 6317 11
3789 3456 11
2034 4816 11
3367 635 11
4227 8236 11
6566 3996 11
2458 7904 11
6697 1470 11
1631 3384 11
2104 3078 11
3160 6873 11
6899 6507 5
3708 6042 2
349 547 11
6900 3552 6
8240 7507 0
2907 6756 4
3310 2970 11
5984 869 3
5823 359 11
3063 3626 11
4633 7816 11
7271 5762 11
2404 1029 11
3589 7401 11
5450 665 11
3310 1117 11
6222 5515 2
6341 4348 11
2650 1201 2
5008 6748 3
788 4308 11
7145 3082 11
7827 1519 11
5383 6558 11
7342 6197 11
3851 4150 11
3968 1242 11
8161 613 11
4125 1461 11
4752 5406 11
4092 4701 2
4416 1820 11
882 1301 11
408 3151 11
679 3562 11
7488 1307 11
6900 4953 6
4367 434 11
4650 5968 11
850 6150 11
7218 7609 11
3129 6889 11
274 985 2
4309 7504 11
4643 229 11
1207 818 0
1842 307 11
4319 6587 11
7863 497 11
8218 7354 3
6794 6210 11
986 480 11
6645 2406 11
1201 2030 2
3160 7718 11
3886 310 2
2699 324 2
962 6538 11
768 4359 11
5031 4385 11
7827 8225 2
3468 816 11
5970 951 2
964 5961 2
2741 385 11
3116 3915 11
6945 4 2
1502 5395 11
1033 5187 0
4834 312 11
1006 2123 0
7182 1236 3
4882 5276 11
4153 7247 11
2528 3198 3
6475 1433 2
3941 7313 11
6599 5255 11
2413 1201 2
4567 6928 11
7909 7309 11
3342 1935 2
7122 4788 11
7158 6479 11
6483 6746 11
7932 1793 11
3643 3313 11
3170 1451 5
4366 5021 3
2579 7105 11
4611 4640 2
537 3656 11
6905 2053 11
1056 2530 5
5217 6700 11
4489 6569 11
2425 7827 2
5990 1489 2
196 3181 2
2273 5497 11
116 3426 11
627 6876 0
5393 7885 11
4010 744 11
6278 2589 11
3412 2614 11
2817 2994 11
8219 7113 11
859 3218 11
6827 4890 3
5393 1091 11
3304 6472 0
2155 7188 11
6044 7811 11
1934 6432 11
5525 1952 11
4207 7414 11
4996 656 5
3059 4886 11
1387 3332 11
2000 4879 2
955 4035 11
1567 291 11
5308 5986 11
5833 4866 2
4800 3821 11
3783 1182 11
6765 6155 2
5321 5396 11
6807 2615 3
2443 8126 11
7807 2723 11
3623 2402 6
8269 2128 11
5372 1357 11
7837 3346 5
6809 7459 11
80 7331 11
3607 2699 2
422 34 11
7536 6404 11
1970 5389 3
4770 3739 11
6324 1172 11
2794 2201 11
793 3073 3
8045 5791 11
4367 3287 11
7569 4308 9
74 451 11
1201 4645 11
3506 2247 0
4112 3002 11
1475 4063 11
676 199 11
5851 261 11
4894 3480 3
1845 5264 11
1986 2340 11
6895 5653 5
5811 8260 11
3395 4002 2
8272 5118 11
5323 5709 11
2951 2050 11
4676 2699 5
6749 5924 11
4361 3707 11
4290 5854 0
5227 850 2
3853 4121 11
6312 5770 11
7539 6837 11
3733 315 11
1097 5173 11
1815 2553 11
7341 219 11
5323 6967 11
7336 4531 11
1608 4913 11
7695 4640 2
7495 6729 11
6475 784 0
1600 5009 11
8196 5486 0
2337 4668 11
4577 3222 0
7045 106 11
4634 14 11
2528 8041 11
4247 330 11
6337 4209 11
8131 6577 11
8210 7357 11
4963 351 11
3638 3732 11
3153 1040 10
5850 8217 11
7686 7626 2
2921 3054 2
2843 2859 11
5586 3687 3
6393 6543 0
1419 4054 11
4701 811 11
4877 2427 2
3467 6327 11
7890 4980 5
975 3560 0
6248 3882 11
4111 5258 11
7632 841 11
3036 6525 11
2996 6196 11
1211 7857 2
3590 6961 11
2852 2315 11
8193 3678 11
6920 8158 2
4305 2429 2
3454 4314 3
6778 8110 2
6262 7031 2
4268 7789 2
612 4569 11
7841 7384 11
951 7620 11
6464 4548 11
5447 4432 3
4829 2136 11
4214 7223 11
368 1129 11
6336 5627 11
6716 8117 11
5283 6675 11
544 4941 11
4692 3141 11
2965 4396 0
3589 1576 2
627 5326 0
7626 4179 11
5411 6537 11
1807 1390 11
6492 21 11
2682 5754 11
4488 663 11
760 5200 11
1361 453 11
970 7071 11
3851 4584 11
5212 895 11
4485 2466 11
510 4680 11
4900 4146 0
7046 5982 11
5205 6607 11
8077 1735 11
2179 8200 11
2236 1614 11
2568 8211 11
1450 7672 11
637 2417 11
1063 7827 2
7959 5835 11
3832 7193 11
5959 6945 11
2712 3695 11
6556 3999 11
1096 5390 11
3438 4091 11
6799 5131 11
1987 5990 2
7827 1223 11
8218 6058 5
7069 3694 3
2570 1926 0
6805 4924 5
2817 4022 11
2084 3318 11
3304 4037 0
3701 1948 11
7597 2375 11
4951 7347 11
1310 5098 11
6887 3265 11
6125 3308 11
3240 5149 11
1234 2667 11
3294 6511 11
657 6254 11
156 6567 3
4759 934 2
6705 8238 11
5308 739 2
7475 3906 11
120 2959 2
6181 872 11
8094 4464 2
5903 535 3
3491 1666 11
8254 716 11
1049 3403 11
960 3940 2
5001 7888 11
4640 6375 3
4846 7877 11
2641 346 11
95 778 11
2638 4044 11
7729 2351 5
2389 5105 5
6464 8179 11
8085 644 11
1576 6225 2
2077 7862 11
1694 6434 11
6265 2253 11
4746 4624 11
6908 3006 2
3509 6061 11
1157 4147 11
6025 8268 11
1659 6129 11
6611 406 11
5205 6270 11
2225 8208 11
6476 7966 11
5562 1201 2
4508 951 2
2047 6540 2
2711 3834 11
2338 3527 11
5386 896 11
8129 704 2
4984 2272 11
7260 1062 0
6945 4062 11
3885 7043 11
6102 3371 11
6221 3155 2
6249 6784 11
2273 6082 11
7757 3306 11
5270 7589 1
2610 4422 11
6709 985 2
168 4656 2
6475 6312 5
4903 7876 11
8165 7116 11
960 186 11
3110 7288 0
8232 7224 11
1945 3135 2
1233 6235 11
7281 2724 2
1581 6400 11
6397 2210 11
1340 1230 11
5928 1703 11
3253 1309 2
1506 1510 11
2183 212 2
4887 2271 2
5270 6019 6
5769 5681 11
5054 2757 11
7936 110 11
7827 6359 11
6908 138 11
5054 119 11
5234 6035 11
4277 1767 11
6945 2296 11
2796 4571 2
3370 5758 11
4028 1706 11
3497 4755 11
2928 5484 2
7111 482 3
481 4753 11
7857 1162 2
7561 4782 11
7648 4640 2
2794 302 11
2910 2217 11
4151 1727 11
7009 7899 0
1023 2634 11
7810 4006 11
6986 2420 2
6086 3718 11
5416 904 11
4469 7933 11
1441 137 11
3798 1485 11
1243 6285 11
4786 4689 11
6381 6990 11
7200 361 11
6325 3938 11
7564 6608 11
6089 3712 11
2011 972 11
5453 5572 11
621 3262 11
6532 3340 11
3636 5624 11
3420 5654 11
2208 7156 11
1652 1860 11
3380 7014 11
2530 7304 3
1532 5479 11
6581 7599 11
777 217 11
8157 4861 11
1451 7989 11
7342 5216 11
2443 8256 11
5975 706 11
6202 1364 7
5852 4273 11
411 6320 11
4278 7119 1
6222 2928 11
2930 7957 11
7973 7915 11
4542 4195 11
1753 2857 11
3464 1538 11
2796 3086 2
7702 413 5
4750 7470 3
4586 1998 11
1140 912 11
8221 5560 2
2808 5865 11
2013 5524 2
5539 2486 11
692 8188 11
33 7871 11
2996 4865 11
3789 443 11
7270 7498 11
4088 1214 11
7480 4771 11
6043 3041 11
612 8006 11
6267 5964 11
1971 2335 11
4096 7840 2
7855 3264 11
126 6203 5
1217 7198 11
70 5318 11
679 6086 11
1525 5290 11
477 3369 5
538 7394 0
4174 6008 11
3240 6554 11
1057 5144 11
5643 8162 0
6005 6758 2
6982 1934 5
2958 4013 11
2684 7120 11
82 4248 2
1623 5505 5
8215 5108 11
1713 4986 3
8055 2086 11
655 4809 11
3622 4200 11
6358 4139 3
6188 7502 2
6492 4662 11
5905 491 2
4656 4744 11
679 6064 2
7205 5606 11
5105 1877 5
2952 7737 11
2699 1833 11
688 2341 5
6552 2307 11
4199 6376 2
5792 2430 11
6696 6978 11
4516 4444 11
5095 1604 11
7874 1517 11
950 1153 11
4488 3972 11
4835 6799 2
3040 1644 11
7813 2203 11
4643 1768 11
4472 1133 5
5270 1826 1
4963 3115 11
6152 3586 11
5315 1201 2
5832 1570 11
3968 1576 2
411 7601 11
4081 3478 11
558 1266 11
3610 3760 3
2689 8178 11
2699 4676 2
1119 6757 11
1554 6141 5
3234 7072 11
5973 621 2
7591 7336 2
7805 5474 11
7595 4525 11
6482 6842 11
544 4629 11
1441 5639 11
866 3791 11
5475 429 2
4484 2569 11
3911 6907 2
1987 1633 11
3006 5541 2
5227 8058 2
5297 4427 3
4448 2499 11
969 3249 11
3764 7759 11
130 1099 5
760 2468 11
7442 6026 11
2737 6684 11
6781 5890 11
7317 2410 11
1071 6200 11
2971 6333 11
5920 5591 11
7817 6535 2
1119 5250 11
1973 7472 3
537 6447 11
513 1414 11
2663 2506 11
2856 7946 11
2171 2766 11
1125 2550 11
1059 6531 5
3036 3759 2
6195 5035 11
4701 2255 11
4728 8121 2
6666 7971 11
7561 4831 11
2179 1509 11
4227 3977 11
6368 1663 11
5227 1320 3
1434 4469 2
7217 4557 0
4933 7781 11
5219 4614 11
2978 5935 11
7391 6029 11
1822 3795 11
2738 2708 11
7650 7886 0
6581 4107 11
1583 5913 11
3317 4383 11
5522 3617 11
2084 2359 11
4871 3904 11
2277 7717 11
819 8078 0
4701 662 11
1543 5342 11
3513 3768 7
1542 4054 11
2155 1380 11
57 6215 11
6672 1810 0
664 7241 11
3180 7209 11
4207 425 11
6556 2167 11
4947 4992 11
988 455 11
1804 7512 11
8192 7411 11
1637 7441 11
1216 2328 11
6312 1172 11
1039 2754 11
196 6136 2
6643 3978 11
2646 3913 11
4424 1974 11
804 3608 3
1978 2616 0
5306 559 0
4583 344 11
6038 5948 11
6203 4815 5
1764 1184 11
5271 1433 2
6986 265 11
5938 2824 11
3599 3195 11
675 198 11
4829 6576 11
6858 6512 11
5072 4745 11
7425 2772 2
3479 6639 11
4482 7051 11
4207 8248 11
19 5715 11
5350 7751 2
2968 7798 0
4650 3144 5
6686 4973 11
377 192 11
2944 212 2
1922 5625 11
6208 2469 11
6945 3974 3
3968 42 11
5064 7334 11
4901 3897 11
3764 5969 11
3109 772 11
2605 591 0
3196 646 11
2556 5082 11
3610 2413 5
3129 4578 3
703 6136 11
4978 7836 11
6189 3858 11
1216 6068 11
2225 4956 11
7708 2554 11
7328 1590 11
5600 1885 11
951 2292 11
985 5077 2
5080 7222 11
4690 1729 0
5896 2205 2
1448 1529 11
6765 1589 2
2585 6192 11
2620 6936 2
7372 6009 11
2684 1479 11
69 5579 0
5480 2791 11
1934 2363 10
3325 2733 11
2951 7974 11
7336 7506 11
4391 5403 11
3506 1428 0
6321 325 11
6945 2607 2
1201 5786 11
2961 6439 11
4302 7873 11
2267 4742 0
8157 3042 11
1564 37 11
3887 5926 11
7456 2834 11
1489 4791 2
1958 3442 11
3059 193 11
2949 722 11
3521 5509 11
5331 6371 11
540 8187 11
1618 5863 3
4826 6106 11
6445 1890 11
4948 7621 11
5889 4944 11
4192 961 11
5283 6540 2
1734 576 11
4277 2100 11
937 7242 11
8129 6171 11
3152 4133 11
4323 3200 3
2928 6173 2
170 3010 11
3445 7494 11
2742 2020 11
2878 4945 11
7973 6016 11
149 7970 11
2511 7229 11
1854 3404 11
801 7361 1
6096 5689 3
4036 517 11
7400 1527 11
6470 6628 11
1160 6968 11
6522 7160 11
4856 3867 11
5525 3813 11
48 5881 11
6227 4593 11
57 7379 11
1158 881 11
1412 2629 11
3463 5384 11
7057 4641 2
4430 113 11
3786 1841 11
8226 4244 0
1751 6540 2
4679 6454 11
3147 3184 11
2102 4393 11
5704 7478 0
288 6507 3
758 3375 11
2933 7968 11
7564 7732 11
720 5446 4
7997 7553 0
2944 1309 2
4199 1788 11
6136 4373 11
5818 1492 5
4705 5003 1
7535 1867 11
2579 0 11
524 5360 11
5060 4610 11
4634 7944 11
5393 6740 11
6907 2528 5
697 4640 2
1753 4105 11
6870 839 11
124 2810 0
1097 500 11
6389 6635 2
7691 5947 11
6312 7005 5
3317 7638 11
1562 4588 11
7464 3839 11
271 4676 2
6042 1576 2
2453 5836 0
6038 1349 11
4620 4143 11
143 6288 11
358 1162 2
5227 4627 11
1532 6167 11
1245 6011 5
155 987 11
5942 4891 2
916 7492 11
698 5228 11
1828 4640 2
8254 594 11
1534 1747 11
7700 1183 11
4391 3470 11
1899 802 11
6312 4145 2
1945 4004 2
3459 1005 3
3612 946 11
4630 1260 3
5510 3597 11
5777 5302 11
1234 7755 11
6555 6349 11
5008 6466 3
5227 5218 2
1196 4587 11
3970 2361 11
969 6638 11
4238 7962 11
3529 5399 11
3968 1188 11
1759 206 11
2597 5317 11
3282 5229 11
6374 1469 11
5439 4642 11
2360 3654 11
2537 4334 2
4701 8189 11
7289 522 11
5588 5049 11
5447 5314 11
1208 5171 11
6176 6384 11
7433 4601 3
1130 2978 11
1123 1186 5
1567 1382 11
4623 1080 2
3961 3390 11
794 7324 3
5333 1397 11
5135 7056 11
5899 949 11
1648 36 11
226 1290 2
1618 2752 11
5651 7574 11
7652 1452 11
1245 2266 11
5006 6198 11
3285 4186 11
7306 152 11
7643 3098 11
6072 1849 11
4231 4137 0
5786 2567 5
7416 5277 11
538 5833 2
1612 5243 0
2651 7626 11
5799 1415 11
1207 6290 0
2081 3376 11
5849 1983 11
4033 2360 2
2069 4785 11
1502 1112 11
4947 1964 3
6221 4384 0
349 253 11
5874 1273 11
7729 7332 3
6330 4532 11
2512 2181 11
2404 4423 2
7608 7446 11
5697 752 11
740 4893 11
6986 7150 11
945 7438 11
835 6126 11
930 6601 11
389 3095 11
5716 2214 11
7001 4633 2
2827 6061 11
2544 2905 11
8063 5235 11
2488 3874 2
4376 8048 11
5805 6436 11
445 4207 2
2648 3771 0
2770 6061 11
7936 7878 11
7663 3260 11
4691 1312 11
6872 7929 11
4480 3536 0
7524 7610 11
4217 3435 11
3701 241 11
4483 1200 2
7486 4419 3
4618 1869 11
6208 487 11
7108 92 11
580 6017 11
656 2391 11
1150 6163 11
3003 900 11
709 2285 11
5051 5341 11
3968 4712 3
4868 6726 11
3373 4765 11
2759 6157 5
4081 1811 11
3323 4921 2
2092 6958 11
655 1932 11
4513 197 11
316 4051 11
901 6594 11
5759 5748 11
4238 840 11
5001 8070 11
4679 7562 11
4226 1049 7
7017 6907 2
5116 189 2
1431 1026 11
7124 1336 11
4267 5091 2
2699 5429 11
1641 7401 11
951 5346 11
4791 3964 11
6151 856 11
3076 1172 11
4010 3173 11
3911 2836 2
6393 1128 0
1348 8047 11
8089 3663 11
116 3644 11
7091 4547 11
6360 5699 11
7689 2462 11
1736 7545 11
2965 1710 0
5638 47 11
5262 7261 11
2528 5234 2
2663 5789 11
1274 5666 0
2446 2736 0
5239 1962 11
4287 3466 11
6920 1309 2
3892 8223 5
4776 7851 11
7782 4467 11
3798 7024 11
2572 2690 11
3903 6002 11
6190 5871 11
1150 1979 11
83 5156 2
7586 6906 11
5089 4554 3
6709 5008 2
7607 7114 7
7973 3258 11
6815 5761 11
5227 4018 3
2360 4255 11
2818 6866 11
7524 7422 11
1756 7766 11
5421 3356 11
1684 8048 11
3092 3621 11
1940 4948 7
1045 4571 2
5465 4049 11
1648 5720 11
5542 6965 4
7475 1891 11
1886 1873 2
1157 4076 11
4640 4232 11
1694 7740 11
3342 2657 11
760 634 11
7009 3053 0
29 4647 11
6483 427 11
786 2538 11
4247 5008 2
1904 5476 3
7057 6201 2
8138 131 3
6069 6738 11
6415 4725 0
3907 5394 11
7563 5132 11
4572 7346 2
2625 4903 0
6325 4665 11
3342 4522 11
1111 2319 11
2632 2452 11
5973 1972 11
2250 4922 11
6870 8043 0
6631 3758 11
194 6309 11
675 5819 11
6660 7789 2
7950 4825 2
1201 7053 11
5665 4962 3
5759 8133 11
3961 526 11
2852 7164 11
3833 8009 11
2082 336 11
6023 8261 0
4254 5096 11
4868 3504 11
1433 5375 11
288 5588 11
7057 1707 2
1108 5801 11
7372 3670 11
7953 4985 11
7700 6881 11
6976 5441 11
6645 4163 11
3297 5286 11
5508 7930 2
745 8136 11
6666 5295 11
7700 7790 11
2704 5232 11
3003 8265 11
4464 7902 3
5227 2067 3
3509 6652 11
2854 8015 11
2570 2375 11
7132 7792 11
7539 3950 11
963 282 11
538 5269 0
4613 7076 11
6190 3906 11
383 6501 11
3234 4840 11
156 1339 11
7374 3037 11
4568 402 0
6612 7336 2
2584 5145 11
6240 4002 2
8018 4517 11
5796 7912 3
4239 1013 11
1205 6355 3
2805 6295 11
189 6602 2
2899 6484 11
7099 297 11
1033 680 5
6581 5312 2
7524 7623 11
1449 3528 11
2374 6282 11
3040 3056 11
2861 5210 11
3961 1127 11
341 3299 11
5271 5234 2
2741 6729 11
608 3846 11
4096 4758 11
6217 5957 0
1576 7587 11
6203 6226 11
1449 4571 2
1691 2473 11
4112 4555 11
835 1335 11
7333 4400 11
7556 6949 11
6791 5101 11
955 1946 11
2011 5808 11
7686 4705 2
496 1555 3
5557 5324 11
6849 5451 11
1156 3174 11
1028 8091 11
7617 2305 3
2971 1491 11
6747 6882 11
3075 2847 11
6109 5029 11
288 3968 2
5868 486 1
1448 5668 11
3934 1757 2
8129 5690 2
2908 5137 11
2793 7952 11
5524 1627 11
1934 376 11
4815 1577 11
16 1928 3
5915 437 11
1088 183 0
6716 691 11
6193 7472 3
168 1014 11
6936 7628 11
4354 309 2
4539 1862 11
5547 2778 11
2699 7047 2
1027 2078 11
938 56 11
4214 6894 11
7544 579 2
6500 4604 11
7173 2342 11
5823 4970 11
7544 4212 11
2875 3551 11
8082 1302 11
5240 2160 11
7813 638 11
159 3154 11
7419 8222 0
5811 3737 11
658 7832 11
2704 3142 11
660 7127 11
3369 2110 11
2902 4245 11
5567 3518 2
6500 4599 11
884 1909 11
3180 2400 11
3323 177 2
3311 1201 2
5786 2713 11
7458 2085 11
4897 4000 11
5008 4819 3
1708 2368 11
6208 3927 11
2104 6649 11
5777 6706 11
1463 4625 11
1978 4523 0
889 2569 11
389 5362 11
7689 7371 11
6655 2354 11
7500 66 2
4791 3353 11
6348 1409 11
4081 6242 11
4469 2836 2
1217 3271 11
703 4506 2
7950 8266 0
7768 7152 0
3479 710 11
6805 6871 5
2682 4503 11
2854 2145 11
4470 5246 11
5004 3127 3
6800 3348 11
2397 3911 2
4770 3767 11
3366 5100 11
1708 3858 11
6656 787 11
3162 2358 11
7279 8081 11
2564 1101 2
1149 5553 11
3256 8146 3
8147 4594 11
3662 8062 11
4214 7655 11
4028 7310 11
4615 6867 11
5115 2956 5
488 4180 11
1884 2790 11
2211 4169 0
7182 3650 2
7173 2288 11
4800 4663 11
6723 3736 11
7874 2350 11
3152 7943 11
4882 648 11
4897 7551 11
2944 5227 3
1489 32 11
7336 7723 11
2404 5234 2
5241 1438 5
2171 172 11
1381 5267 11
5619 3434 11
3804 4002 2
7391 2939 11
1071 331 11
1467 7181 11
3234 7580 11
1848 3182 11
6117 1863 11
1563 3649 11
4856 4362 11
540 5679 11
1598 1371 11
3402 1576 2
5422 1556 2
780 307 11
5253 4298 0
6070 6367 11
3238 3994 2
7909 2347 11
3759 1576 2
1136 4078 11
5239 5500 11
7481 4789 11
5416 4805 11
4256 3464 5
1247 3100 11
2360 7918 11
7959 2439 11
7673 5862 11
2419 2140 11
3492 4494 11
5515 5457 11
6930 2127 11
4615 4699 2
2183 2306 11
4516 6361 11
401 6610 11
3188 7049 3
617 7575 11
1375 4715 11
524 7030 3
1637 6503 11
483 6112 11
750 1298 0
5391 8218 2
2787 7476 11
2663 2541 11
6982 502 2
5442 3092 5
5288 5949 11
2590 294 11
5510 7482 11
1987 4878 2
7363 7131 11
4558 4223 11
6489 308 11
7903 4705 2
7219 924 11
6474 3019 11
2572 1832 11
5899 7213 11
8226 1046 0
3338 7293 10
2484 3495 3
4635 5423 11
790 3355 8
1343 6273 11
2563 5183 11
707 7317 2
92 6323 11
2039 3799 0
5878 1610 11
1657 2652 11
3703 7508 11
4986 6315 11
889 5763 11
527 5520 11
4618 3594 11
5906 5160 5
800 3983 2
6213 2700 11
430 4600 10
5442 6054 3
1848 3379 11
1815 5340 11
6474 3913 11
2195 1588 11
1340 420 11
2686 1700 11
7629 5022 11
7676 2501 11
7607 1078 0
7421 7748 11
4227 1116 11
8077 5650 10
824 5041 11
531 5016 11
4615 6024 11
2049 5377 11
2897 2865 11
855 8282 11
7400 6637 11
4490 668 11
4192 4495 11
5525 3939 11
7442 2869 11
8061 6897 11
1387 3407 11
1848 4726 11
5896 2898 11
7381 7489 1
1162 7693 11
6555 4180 11
2899 6695 11
7391 4741 11
4464 1484 11
1348 7037 11
8071 7210 0
8240 5963 11
7889 7064 11
5465 7644 11
7890 8134 11
5600 4636 11
5594 275 11
2267 1197 0
7464 6703 11
5937 3145 11
4479 682 11
1125 3074 11
7289 1340 2
4691 5860 11
5769 44 11
4901 6797 11
2968 5593 3
483 3446 11
5622 720 11
7033 5930 11
5574 2601 2
4236 5918 11
6039 2353 11
6824 1780 11
3207 5795 11
4183 2828 11
5080 4867 11
6385 4398 10
4983 4767 11
226 4791 2
8128 420 11
5851 1364 5
1049 6246 11
7311 4215 11
1782 7104 3
212 1576 2
2115 2695 11
5065 2108 3
2585 5067 11
7808 6907 2
7336 2388 11
4424 7584 3
6416 5880 1
1319 742 11
1269 3917 2
5883 4626 11
6847 3645 11
3303 3605 11
4057 2926 5
1440 2129 11
3497 3474 11
2295 2051 11
4661 3473 0
7341 6778 11
1825 5817 11
5465 5590 11
3303 5781 11
2295 1954 11
4174 7262 11
7608 6681 11
8089 7992 11
423 1722 11
314 300 11
5907 1936 3
2805 462 11
3919 7995 2
3764 7893 11
2526 5075 11
5849 1271 11
5512 6799 2
2801 5454 11
6203 126 2
6715 6312 3
7581 7579 11
1490 1490 2
5522 5658 11
1310 7066 11
389 4791 2
1898 7283 11
4010 3697 11
7837 4440 5
3526 3106 11
4407 1858 11
5687 3629 11
1657 2820 3
2419 4606 11
1483 2350 11
5480 8176 11
5064 7603 11
4056 4326 11
1756 7549 11
5439 4612 11
4125 1761 11
6023 2662 3
2002 5741 11
8061 3502 11
7835 7086 3
2930 5247 11
4552 5728 11
6705 6708 11
7890 6755 11
5937 6061 11
2851 1222 11
5777 8105 11
2770 4528 11
6136 2618 11
1434 1460 11
5908 3692 0
3125 1649 11
83 5867 2
2928 7141 2
5987 5097 11
4345 2298 11
983 6929 11
2651 6877 11
651 5257 2
5557 7703 11
5086 5900 11
354 7622 11
6875 205 11
4193 3289 0
930 1693 11
1564 1359 11
3979 568 11
7363 3993 11
57 5471 11
4084 1104 11
7650 5630 0
1170 5596 11
1801 191 2
4345 4291 11
4983 1568 11
1924 3122 0
2793 6066 11
5316 8001 0
7420 4966 11
6686 933 11
4014 6857 11
2800 2498 11
1378 7289 2
2836 2836 3
4558 3250 11
70 3572 11
1051 2658 11
6891 7402 11
888 1505 11
2808 2863 11
5345 4701 2
2447 7502 2
2413 4764 11
7691 3408 11
6207 6168 11
1378 4913 11
1334 991 11
5928 1198 11
558 4916 11
5828 7146 11
6203 126 11
5975 7864 11
5580 722 11
7132 5254 11
1653 3105 11
4335 6344 11
3911 4791 2
4164 4863 5
3092 6452 11
7787 6257 11
639 876 11
5844 2931 3
2112 7240 11
5989 5521 11
8085 6775 11
1623 7776 5
2408 1171 11
2512 6921 11
2360 3930 11
4981 1379 3
4605 773 11
6670 4714 11
5155 7958 5
6920 7057 2
6659 3344 11
377 7598 11
5665 7557 3
1218 6822 6
3360 3945 11
5339 7838 11
5383 7267 3
5906 2551 5
2649 739 2
916 3137 3
4275 892 2
1762 5565 2
642 5015 11
7583 3553 11
3895 3748 11
3445 7250 11
2039 8051 0
3282 4079 11
3228 4278 11
5253 8064 2
5524 8216 11
58 4974 11
5645 2038 11
1848 6154 11
5365 4919 11
458 5349 11
2785 2644 11
4707 187 11
6593 4825 2
2661 3914 11
7236 4515 7
5724 4349 11
132 3490 11
7518 5820 8
3395 7618 0
458 2554 11
970 3891 11
7177 8125 11
4260 5475 2
2875 6535 2
6203 357 11
5565 3567 5
7011 6247 11
4705 7612 6
1418 2937 11
5212 278 11
6151 4418 11
3032 4108 11
2092 6662 11
6324 8151 11
7322 1346 11
5447 1739 11
1576 136 11
3631 2035 11
2383 379 11
7420 5466 11
6535 7773 11
7563 117 11
6905 151 11
3971 7145 2
7827 5379 11
2689 1001 11
5568 893 11
7700 2555 11
3233 1185 0
7336 1389 11
2273 4666 11
4774 5074 11
5852 6553 11
1170 3263 11
8113 6460 10
3016 5032 2
2081 1912 11
1156 5794 11
5745 8137 11
3021 832 11
6480 7663 0
5393 603 11
6032 1999 11
527 2204 11
6340 5117 11
201 295 11
2116 5039 11
2277 5792 5
2639 3324 3
7245 4559 11
1070 8032 11
6057 7531 11
142 4513 2
5598 8036 5
7629 7944 11
3662 1212 2
5205 8107 11
7106 6345 11
627 4677 0
1189 6312 2
3886 612 2
7617 67 0
4605 1201 2
4083 1622 0
7483 7532 11
1600 315 11
433 1714 11
3631 6856 11
2471 39 11
7407 1074 11
5383 711 11
6070 3734 11
3721 5940 11
7387 5096 2
2049 2767 11
33 4374 11
4278 4059 1
2930 2688 11
441 7451 0
133 3850 11
5298 1080 2
1970 4723 11
6187 1634 11
1206 1982 11
2092 466 5
2116 2377 11
2563 5168 11
532 1497 11
4669 13 11
1218 6859 1
6945 720 11
3193 5450 2
5592 2407 11
5130 5985 11
2920 7990 2
651 1688 2
7046 669 11
6869 4799 11
3023 3016 3
398 7942 2
3902 7649 11
3420 285 11
871 5456 11
5241 1672 11
4138 6337 5
4658 6642 11
496 7163 11
3896 6836 11
2568 5393 2
8145 3362 11
1468 885 11
5372 420 11
2854 6545 11
7860 7602 11
4490 3776 11
7381 3848 1
2594 6180 11
8210 2500 11
4508 5970 2
4478 6852 0
5556 6919 11
1778 4394 11
2249 5123 11
3703 7727 11
7654 8140 11
2422 103 11
6716 6419 11
7317 3614 11
7662 1206 2
1986 7664 11
7747 3633 0
1525 3571 11
775 5515 2
2742 1957 11
3016 5737 11
7805 4926 11
8204 340 11
1337 6548 11
6635 5690 2
155 5693 11
6248 6218 11
1753 3843 11
2092 216 11
4872 2998 0
1423 7626 2
3064 606 11
1286 7720 11
3887 4682 11
4536 2316 11
637 8152 11
1736 1089 11
4611 1573 11
2650 3822 11
6142 1769 11
4239 3517 3
3521 3953 11
314 2308 11
5799 5347 11
4900 2964 0
1208 783 11
1845 3755 11
2339 5915 2
6397 5845 11
2779 2163 11
8232 4103 5
5111 6391 2
7420 4747 11
7742 6661 11
6907 2962 11
1898 5932 11
3747 1521 11
1465 2527 3
1158 4308 11
2528 6074 2
1044 3693 11
6299 232 2
2637 7162 11
1713 7658 11
7624 4791 2
692 7760 11
4257 1067 11
4088 2990 11
7733 3934 2
1688 2111 2
6415 7336 3
180 5654 11
8045 3575 11
7143 5297 2
6766 7883 11
5146 7443 11
3789 163 11
4028 3126 11
938 1060 11
647 196 2
202 8181 11
8109 5304 11
2032 1212 11
7695 6364 0
1295 7450 11
5583 8035 11
2337 3779 11
3146 5662 11
3076 2125 11
1079 6980 11
1713 7513 11
6069 2244 2
2061 2215 11
3155 6305 3
2889 3487 11
2479 7019 11
54 3060 11
4763 1068 11
3610 5634 11
3065 3329 0
1713 1445 11
2133 3437 11
5393 18 11
2386 2622 11
7875 3014 11
4002 5397 2
6841 1066 0
1583 403 11
3482 878 11
7387 8126 11
7353 5158 11
4123 4385 11
4958 2670 11
3367 3044 11
8145 4372 11
2699 4436 11
4183 4182 2
6042 4466 11
6807 2683 11
3759 5769 2
4229 2694 11
6697 6630 11
1933 6100 11
7627 7018 11
5792 6710 11
2360 1018 11
188 1141 5
6475 2699 5
2577 6312 2
6809 7184 11
4605 366 11
6262 6973 2
5800 3637 11
5936 5570 11
4781 7026 11
6044 3719 11
354 35 11
19 3270 11
4596 5711 11
6252 4796 11
1218 3680 6
6056 4090 11
5 2182 11
251 2862 11
6278 3196 11
4634 1689 11
6631 6175 11
4392 4923 11
7080 221 2
6303 2485 11
5942 5524 2
734 849 11
7145 4021 2
2337 4994 11
7167 7641 2
5378 7121 11
6158 4793 3
1738 851 11
658 5186 11
1334 7965 11
7860 2881 11
6749 2372 11
2009 8 11
1433 6789 11
524 519 11
5810 5256 11
1024 4469 2
3323 1576 2
5710 3937 6
2882 2771 11
5116 4469 2
8101 1884 2
5432 586 1
1959 4068 11
4826 5827 11
12 3172 2
6583 3201 2
673 1576 2
616 3501 5
755 5300 11
7502 2883 11
6395 3812 5
290 3236 11
5329 6407 11
6207 954 11
4971 2096 0
3702 1650 11
7796 1398 11
4553 2909 11
6321 5767 11
2103 6063 11
5364 7510 11
8064 3178 11
612 3161 11
7244 1383 11
580 7594 11
7017 5094 2
3420 2177 11
2878 3524 11
6470 2603 11
3643 847 11
4323 7436 11
7932 4997 11
1652 3817 11
1023 3754 11
7805 8093 11
3018 161 2
5769 2816 11
1187 5388 2
2061 3668 11
7663 2888 11
159 6759 11
1039 1859 11
3717 1800 11
5298 4699 2
698 993 5
5832 89 11
3539 1420 2
2289 465 11
7382 4596 2
5092 1794 11
4453 2697 3
6696 3128 11
3092 5616 11
6985 3568 11
2843 6950 11
6976 1148 11
5477 3570 11
6673 5902 10
7520 5373 11
2836 5644 5
6624 4285 11
4716 7541 11
4177 7014 11
2208 2943 11
132 2819 11
617 4269 11
2827 4918 11
4844 316 2
5271 3968 2
3589 3589 2
8089 20 11
2222 1674 11
6059 4504 11
4828 3868 2
2529 4120 11
2533 1773 11
2467 316 2
6080 7038 5
2492 2681 11
3373 6591 11
3160 980 11
793 1900 5
3027 8233 11
4 1517 11
1343 4576 11
2631 5782 5
5645 6331 11
8060 1373 2
3185 6049 11
7938 4506 2
1490 92 11
930 7485 11
1140 4474 11
8121 4171 1
2137 6535 2
4453 3347 11
95 4140 11
3175 304 11
212 2574 11
1050 3523 3
7953 4410 11
7691 6702 11
2413 2258 3
5146 1244 11
1205 1277 11
6647 4386 11
1364 5013 3
8204 3179 11
7855 6115 11
922 5468 11
2274 909 11
8240 7868 11
375 6260 11
2212 963 11
8215 6523 11
3689 5294 2
3573 6923 0
7631 5696 11
805 1144 11
5054 6773 11
7705 776 11
5833 8066 11
2907 4206 6
4661 5204 0
4455 2934 0
5234 449 2
6658 3473 0
7632 6687 11
2512 7758 11
3911 2521 11
6647 623 11
4216 1106 3
6080 3566 5
4738 7622 11
6084 7630 11
3477 3788 11
5565 2263 5
2725 5251 11
2963 1760 2
2267 6753 0
3027 7256 11
871 3391 11
6136 673 2
7687 414 11
544 6148 11
3854 7408 3
2384 1178 3
1894 5069 11
4505 1433 2
7480 1513 11
4302 6814 11
2397 6975 2
8196 4902 0
76 7701 11
3436 1967 11
5868 3917 2
2971 242 11
1401 2494 11
1851 4184 0
3687 2379 11
7012 3430 0
4640 1808 3
939 5393 2
3467 2105 11
5939 3920 11
264 7373 2
3775 3690 11
4470 6159 11
4750 3093 11
2404 4346 11
8142 3544 11
7950 6508 5
5308 320 3
80 4535 11
4583 97 11
2058 5559 11
4752 1199 11
4800 3615 11
133 399 11
3546 1645 11
3066 7767 11
3988 7349 0
2639 502 2
5202 1576 5
29 7657 11
5105 3342 5
1334 596 11
4010 5840 11
6715 632 11
3034 1657 10
4183 4012 11
6807 7109 11
6365 5136 11
2174 3746 11
4776 2538 11
1657 4560 11
7875 4228 11
362 518 11
6815 3190 11
704 8129 5
6945 3578 2
1772 3417 11
4478 6085 0
8185 6427 11
5271 6513 7
3895 396 11
7138 7534 11
6794 3910 11
433 31 11
5880 2988 1
3363 6908 3
1615 8108 11
2682 397 11
6891 1541 11
1059 5094 2
797 6293 3
2225 6094 11
3968 673 2
4650 985 5
5904 7980 11
8254 2437 11
5323 298 11
1451 501 11
5206 100 11
6136 6936 2
1022 2005 5
189 3254 11
679 4888 11
2949 3168 11
797 4437 3
7927 3926 11
65 8064 2
1562 2497 11
3833 5140 11
2491 7585 0
7807 6589 11
3610 1871 3
781 5128 3
5697 4914 11
7854 175 11
8215 3209 3
786 6289 2
1483 1292 11
2275 6476 5
6089 1498 11
6135 1052 11
1287 1543 2
1525 749 11
2102 6258 11
7257 7882 11
2788 3425 11
264 2848 0
6296 6598 11
7359 5174 11
5271 310 2
7017 5058 2
2902 6380 11
4239 92 3
6977 5815 11
1489 7339 3
251 7547 11
3395 2912 7
8102 4708 11
1492 4156 11
7637 1482 3
1274 5790 2
6272 7592 11
5849 1041 11
1088 1658 3
3381 6229 11
8278 1201 2
305 3440 11
4900 4938 11
1050 3054 2
7733 316 2
3155 6818 3
4965 72 11
1375 49 11
5519 525 11
4870 6626 5
1576 1237 2
7994 2433 0
1115 6777 11
4337 551 2
2631 7145 2
7391 6898 11
2991 1142 11
5227 618 11
2611 5182 11
2940 5993 3
6091 4640 2
7124 2070 11
3512 6886 11
524 2185 11
401 6064 10
4016 551 2
5716 6893 2
6227 2007 11
4469 4843 11
7328 2811 11
6724 3742 11
4440 7837 2
5001 5418 11
1332 2118 2
7219 3913 11
4303 1348 0
2852 6504 11
3267 8141 11
3968 4486 11
2991 420 11
5320 4196 11
8262 289 11
2080 1238 11
5936 7430 11
6875 7834 11
4828 2982 11
598 3357 11
4125 6199 11
6945 6795 11
3476 3136 11
7932 3595 11
945 7753 11
2032 26 11
7081 2168 11
2012 3947 11
3110 3025 0
1676 656 3
6057 2026 11
2782 478 11
888 5444 11
3669 1487 11
1738 7659 11
7138 5107 11
3557 2454 11
1970 6971 11
111 7364 11
441 2813 11
1894 1235 11
585 1961 11
2735 971 11
8185 5667 11
2491 4907 0
7578 30 11
551 5348 11
75 7828 10
1595 2093 11
3109 5498 11
5515 3842 11
4577 7896 0
5227 6372 3
5241 268 11
3798 6861 11
7140 611 2
1303 3481 2
4199 1201 2
3967 80 2
3054 1436 11
5936 363 11
7106 365 11
1783 370 11
143 722 11
5883 6559 2
6891 4276 11
2648 2691 0
3657 7872 11
1418 2280 11
7830 4441 11
6418 5127 11
3238 184 11
7708 6362 11
7863 200 11
1751 5021 3
1134 5488 11
4178 6062 0
580 5113 11
2823 1354 5
5054 156 2
8218 3111 3
1303 5227 5
7456 1145 11
768 2394 11
5987 7444 11
5850 3838 11
1825 4775 11
4826 3841 11
3468 4377 11
4032 6535 2
7553 8246 1
2515 3824 2
8210 8150 11
1045 3743 11
6645 4497 11
7932 7147 11
3338 1503 10
6166 3469 11
4387 7478 0
554 1979 0
1337 212 2
3481 3008 11
4254 5686 11
3159 5984 2
5939 2075 11
5516 1394 11
7050 407 11
2594 255 11
850 7641 2
3386 5012 2
6252 6604 11
4469 4092 2
2582 3169 11
7442 5911 11
7363 5355 11
988 7029 11
2737 3507 11
3310 2166 11
1202 7433 10
6696 3029 11
6411 4364 0
7456 3735 11
2530 4306 11
1652 7981 2
2945 3365 5
7947 2756 11
2568 7724 3
4010 6783 5
939 5797 11
1605 6139 11
2566 6386 3
7682 5700 3
7336 3956 11
7433 1839 11
7257 4102 11
2508 3797 0
3256 7355 5
2800 1847 11
1843 1457 11
4826 587 11
313 40 2
258 5122 11
1535 6316 11
6899 5897 5
4153 1938 11
2598 2743 11
1412 2029 11
6475 7725 0
7204 3940 2
1752 5981 11
6039 844 11
1688 6769 3
3941 1407 11
5984 4023 11
6337 7530 11
2625 3730 7
2712 68 11
354 489 11
1364 125 2
5746 3272 3
4760 2434 11
7452 1046 11
5026 4043 11
7827 6042 2
6418 7987 11
309 6843 3
4106 5538 11
704 4791 2
1071 5047 11
7762 7945 11
5393 6228 11
1229 442 11
6963 1523 11
2788 1837 11
4498 4941 11
2991 3949 11
3158 7495 11
1483 2499 11
2711 546 11
5066 5208 11
7670 1201 2
7837 5426 5
6716 1180 11
7729 2517 5
6730 7840 2
5197 7789 2
3577 3611 11
6936 6127 11
4552 4814 2
6091 1556 2
1819 3101 11
159 904 11
4507 7775 11
5037 5476 3
2490 5637 2
688 6953 5
2836 2895 11
2632 4697 11
4707 6685 11
5227 7145 2
6578 557 11
3786 3258 11
4737 1868 0
5196 2884 3
1189 313 2
7057 1352 2
4278 756 1
3862 5635 11
7889 3913 11
4690 5369 0
3783 4801 11
5244 7378 11
4539 6945 2
7140 4766 11
4580 2697 3
1970 5837 11
8082 6347 11
202 7593 11
2195 1135 2
2047 6061 11
6108 2103 3
2875 6535 11
2597 5249 11
7172 7685 11
8063 2656 11
41 5461 5
4481 996 3
3233 3983 2
7421 1692 11
4791 7509 11
3036 3830 11
675 6174 11
2980 2678 11
1589 5756 2
6222 1433 2
734 2216 11
2448 7020 11
227 860 11
4643 2274 2
598 8270 11
1845 5977 11
5240 6648 11
6441 2151 11
3491 5628 11
5637 352 11
1608 6740 11
3716 7385 0
7351 3935 0
960 4950 2
3857 8014 11
5535 1852 11
2770 296 11
1250 3035 11
882 2327 11
4702 1053 11
4305 5515 2
4692 6410 11
1201 5227 5
4577 5821 0
951 5374 11
169 4356 5
5592 7669 11
5567 6130 11
4142 3958 3
746 6975 2
6381 6121 0
8060 4640 2
4690 2428 0
7270 5866 11
1643 1990 3
3911 4513 2
6489 558 2
5842 3968 2
2360 2095 11
5378 2142 11
4748 3016 5
5869 3983 2
1474 4510 0
6778 3277 5
4334 7660 11
3992 6279 11
1882 3664 11
4786 5162 11
2952 5432 11
7812 5960 11
5364 5133 11
6348 6546 11
2927 3640 3
8192 6718 11
6963 6103 11
4925 6678 2
2528 947 11
6781 1914 11
886 6904 11
7390 689 11
4496 7179 3
3291 3928 11
4075 2703 11
3837 4917 11
677 4731 11
3185 1395 11
4227 2914 11
254 4080 11
2853 4701 2
5574 5544 11
2566 174 11
2458 2610 2
2646 5708 11
3794 4811 11
5519 410 11
7502 4732 2
4192 3793 11
7662 5798 11
84 8237 11
4036 6028 11
7457 879 1
5645 7335 11
6578 2083 11
6518 1014 11
202 1083 11
5619 7298 11
6539 1870 5
8242 6890 11
2764 3401 3
5714 214 11
1310 6450 11
2949 7712 11
7782 976 2
4738 2904 11
2325 2019 11
6635 5771 11
8180 6911 3
1638 2281 11
7535 4848 11
7578 5038 11
4894 1553 11
5507 6943 0
1134 5234 2
1691 3352 11
2312 5739 3
4164 1681 5
8191 7516 11
7063 7406 11
5331 5380 2
3515 6048 11
2902 2001 11
7855 6013 11
1752 6455 11
4967 5161 10
2009 4063 11
8269 5757 3
1042 4205 11
1337 1520 11
7874 1602 11
551 7039 11
4496 6562 11
5884 286 11
3756 5901 11
7060 1139 11
2732 1007 11
7808 1585 11
8077 2924 11
6382 4518 11
5651 3012 11
1576 6136 2
6476 7376 11
7688 6140 11
7132 8120 11
3874 5515 2
332 2887 2
1088 2699 3
371 3606 11
850 1910 2
1463 763 3
3579 4534 3
3874 2841 11
3021 2330 11
8128 2642 11
8272 6021 11
7953 4949 11
4177 8205 11
508 8215 11
1434 3323 2
7801 7917 5
4729 550 11
5271 3979 2
3177 6635 2
3539 2870 3
7337 3962 0
4505 7969 11
2871 4768 5
7726 3333 11
6643 6676 11
1615 5561 11
6590 6493 2
5392 8075 11
6032 2451 5
5086 7528 11
2598 384 11
7099 4154 11
4290 4157 0
5219 1539 11
4583 1198 11
2455 957 11
2237 2274 2
7011 6517 11
1899 6370 11
4505 2264 11
1795 3163 11
538 2796 2
4734 7344 11
734 3046 11
383 572 11
5547 5609 11
3059 6720 11
2712 8100 11
5333 2573 11
6903 3933 11
3622 5327 11
5641 6363 11
938 2781 11
4705 4413 1
2712 2259 11
6445 3719 11
6091 5383 2
1763 7320 11
6278 2409 11
2877 3542 5
1688 7935 5
155 6762 11
3214 6269 2
801 2021 1
5320 5768 11
6187 1069 11
7875 2916 11
4407 1086 11
3459 5773 3
126 2707 11
7273 588 11
5539 5931 11
3075 821 11
7483 7794 11
4586 5138 11
6014 3063 5
916 393 11
4101 7286 11
156 3718 11
4751 5343 11
3975 3244 11
3464 8224 5
4818 8283 11
1468 3461 11
7637 5282 2
1044 5609 11
3886 929 2
1317 6937 11
7583 4201 11
149 4124 11
4464 321 11
1759 3727 11
678 7073 11
5298 7822 2
8145 7983 11
8039 5742 11
673 2749 11
5416 7944 11
1955 6132 11
1105 3446 11
2897 3134 11
740 1680 11
5526 7057 2
922 1252 11
5480 4100 11
1119 3963 11
6984 4935 11
5920 4181 11
4490 6465 11
7481 6300 11
5704 6609 0
5818 3550 11
6207 3186 11
604 6850 11
6674 3873 11
6018 5008 2
3291 380 11
4722 5436 11
521 5765 11
2069 7265 11
6142 1253 11
558 3835 11
2978 121 3
1378 5023 3
884 7493 11
5993 3558 11
3738 3968 2
2295 5408 11
2222 353 11
3027 5370 11
597 5663 11
1894 3609 11
4727 5227 2
8192 5188 11
2133 5886 11
82 7503 0
585 7928 11
7595 2763 3
6862 3320 11
7502 4363 11
4577 2978 0
4302 8227 11
2877 4278 11
1234 8197 11
2225 2821 11
377 2880 11
4899 4390 11
1227 854 11
3364 7719 11
3744 3864 11
4027 4694 0
6326 4092 8
6535 5730 11
7032 4464 2
2489 6712 11
1925 249 11
3968 6945 11
5338 3666 11
7192 5296 3
1879 8097 11
7651 53 11
4464 5485 11
1589 5124 11
377 5007 11
4469 503 11
5157 2780 3
5518 4460 0
5008 789 3
3721 2673 11
5714 1126 11
2556 5405 11
3482 5575 11
188 3547 11
6203 8243 11
1638 3427 11
4852 7207 11
6972 4509 11
1608 6729 11
7488 4792 11
513 5671 11
5383 3824 2
5365 4987 11
6248 1192 11
4784 8002 11
4778 1172 11
4448 3004 11
1280 3765 11
612 2739 11
4856 447 11
5710 6092 1
5533 1675 11
5452 4827 11
54 7824 11
3911 4207 2
4472 4854 11
6812 5956 3
5990 2918 5
5574 814 11
3992 1874 11
6505 4110 11
2806 6855 11
5850 7034 11
8090 2113 3
6791 185 11
1071 5431 11
7452 1004 11
5239 7777 11
551 4233 11
2109 140 11
5472 1920 0
3979 7098 11
7257 7668 11
1440 2350 11
4004 6414 11
6945 2118 2
2668 3225 11
4572 7383 2
1375 62 11
6808 3876 0
3772 7257 5
4776 2864 2
6319 1213 11
7779 997 0
5548 6680 0
1332 4675 3
5393 7692 11
6303 8004 11
8121 7266 1
7708 5000 11
1598 2024 3
836 7842 11
1963 7879 2
3983 4603 11
1433 260 11
5063 7778 11
7425 4929 11
3064 4129 11
779 6942 3
2295 5036 11
1354 3761 11
5147 2745 11
1804 2719 11
2738 3283 11
8265 1798 11
3438 6570 11
6056 536 11
4546 4857 11
2836 250 11
1094 646 11
6887 1916 2
1489 4813 11
1237 6564 11
2237 2373 0
3646 7154 11
2704 3038 11
8018 3334 11
4433 4718 11
2529 8000 11
6982 7823 11
2467 6314 5
1317 3039 11
5539 4808 11
3255 8277 3
5759 4454 11
2544 5907 5
5515 8273 2
5583 2360 2
6337 612 2
5850 5804 11
5219 2398 11
4094 2383 2
5274 6884 0
1059 3684 11
7452 4288 11
4287 3421 11
5179 2887 2
3599 5475 2
7761 6031 11
2861 6595 11
5690 704 2
988 8257 11
1448 2955 11
3370 913 11
2124 2360 2
645 520 0
3443 1255 0
3578 3295 2
1201 1857 3
3185 128 11
1070 7906 11
3577 4469 2
2788 7623 11
7244 4385 11
1065 1821 11
176 5455 11
2081 8255 11
723 1857 3
6241 3516 11
7626 7203 11
1125 5743 11
7057 4640 2
2289 1901 11
4376 4166 11
240 6001 11
2585 7623 11
4687 940 11
7808 1737 2
7442 5627 11
71 902 0
3546 4159 11
804 6926 2
5503 8206 11
4469 1032 11
3526 2238 11
734 1283 11
2490 5487 11
715 2074 11
7583 3559 11
196 4248 2
3624 2947 11
2040 5424 11
6096 2383 2
6152 1927 11
3454 8271 11
746 5020 11
6057 2797 11
7729 7835 5
1202 6490 10
7747 449 2
2978 6012 1
2651 4549 11
1111 3995 0
6070 6431 11
6365 6608 11
3940 2360 2
1177 3129 5
4130 5445 11
7405 6065 11
481 6620 11
704 899 3
5878 722 11
1006 5195 3
3117 2198 11
1623 8011 5
7204 3886 2
4211 6281 11
1090 936 11
2249 2343 11
3545 3535 11
721 891 11
6790 5120 11
6659 5515 2
865 5532 3
7643 4836 11
6847 2118 2
4784 759 11
5984 1300 11
6056 660 2
4635 3394 11
4207 3658 11
423 3909 11
6539 4832 5
6319 1630 11
2118 3312 11
797 7626 2
1372 6060 11
2636 6075 10
6532 6739 11
5364 4559 11
6655 8258 11
3578 1576 2
4213 2822 11
8077 5650 11
1206 6339 11
5855 3070 3
1361 7869 11
5975 5061 11
2325 1369 11
2488 701 3
6670 2014 11
639 8012 11
2239 2395 11
1879 4979 11
1796 7499 0
2856 207 11
2374 2390 11
6611 6565 0
2661 8118 11
5066 5139 11
5315 7424 3
5655 4127 11
182 1021 11
2491 5234 2
5652 2482 11
3381 22 11
1187 7000 11
2236 6907 2
5844 2523 5
4185 7321 5
986 8276 11
2930 73 11
8138 4982 11
3032 852 11
74 605 11
3076 4423 2
7641 699 3
5378 342 11
607 1816 11
2012 5717 11
7089 2114 11
3370 6506 11
1615 6291 11
7260 3009 0
2817 4264 11
5987 1048 11
6313 3138 11
3453 5033 0
4530 90 11
2699 5427 2
2458 364 11
6023 381 5
1753 439 11
3034 7898 2
173 5090 11
7629 3877 11
3380 490 11
1270 5713 11
2920 1472 0
882 7395 11
5515 5297 2
4014 4327 11
3468 8112 11
5637 7754 11
6227 979 11
6448 3991 11
4111 5374 11
84 4187 11
5008 3086 5
4226 7118 11
6424 621 2
6539 355 5
2966 5517 5
4978 7303 11
6324 7090 11
703 2206 11
5299 7380 11
5365 5830 11
6653 857 3
945 425 11
2836 927 11
3214 1476 2
4182 4025 2
2897 1803 11
6234 375 5
4580 4378 11
7399 2927 2
5641 127 11
3311 5227 2
2705 7683 11
1201 7846 11
5684 1314 5
4210 5092 5
2116 6588 11
2864 6003 2
3775 5893 11
5786 5599 5
5637 6079 11
2801 2157 11
7228 7108 11
1815 705 11
4278 4540 1
7077 741 2
3158 3840 11
4761 1076 3
2635 670 11
998 101 11
1651 6076 2
7521 7082 11
2508 292 0
3896 2367 11
6771 808 0
1345 3089 11
5357 338 11
5800 7375 11
5111 1488 11
7607 8252 2
1156 1921 11
2684 3849 11
6462 2986 11
3065 863 0
3185 3345 11
6930 2460 11
3305 5058 2
1196 1641 11
1114 3519 11
1079 3598 11
777 5990 2
7057 4119 11
6844 3749 11
7271 1466 11
656 4565 11
5177 5227 2
5214 245 11
2455 4468 11
288 2522 3
74 6917 11
476 5733 3
1345 1776 11
7826 8170 11
6815 6497 11
1576 7558 11
1543 1433 2
6768 232 2
6074 1596 11
382 470 11
4464 2559 3
4246 4780 0
1638 1002 11
4290 2873 2
6341 3547 11
1532 2149 11
1653 468 11
6660 3917 2
5283 7473 11
6482 590 11
1431 3031 5
5177 813 3
5915 2456 11
750 7889 2
658 7427 11
6624 3676 11
4412 1865 11
6366 831 2
7927 6335 11
182 5050 11
5978 6614 11
1051 1093 11
3412 2592 11
1807 7966 11
2806 5784 11
1489 7287 11
1971 3500 11
496 7820 5
1295 3123 11
7080 6945 3
7177 7984 11
2397 1804 2
401 1293 11
6896 1015 11
1092 2546 11
2579 5723 11
6566 3628 11
3701 2762 11
1620 524 2
6870 7590 11
7632 4904 11
7413 829 11
7757 6481 11
155 1077 11
6623 4936 11
8221 4469 2
664 4278 11
1545 5695 11
2338 798 11
7205 2323 11
2393 5590 11
7496 3006 2
6643 6481 11
1250 1338 11
7875 157 11
962 93 11
5899 1473 11
2801 7325 11
2212 932 11
4760 3194 11
8165 7115 11
3853 6495 11
2528 2153 2
3940 4263 11
4984 297 11
1564 6169 11
7281 6954 11
150 1861 2
629 4975 11
8142 6845 11
1419 5221 11
3546 545 11
7328 3648 11
7317 8056 3
2875 5021 3
4551 733 11
4004 1025 11
5227 6510 2
6096 1309 2
3992 507 11
2124 5040 11
149 2647 11
5271 5623 8
3903 2987 11
5724 3976 11
7959 5683 11
481 1838 11
316 7806 11
540 4098 11
2650 7561 2
7273 5992 11
6799 2509 11
3590 4456 11
5884 3314 11
1945 3679 2
3297 6608 11
8045 164 11
149 3389 11
2115 3584 2
7626 4688 11
7643 4640 2
521 4524 11
4513 511 11
8219 6608 11
2563 5083 11
6984 5161 11
674 6405 2
5026 7750 11
3443 3750 0
401 4219 11
2836 4207 2
6596 1872 5
3207 3033 11
1854 5059 11
3467 2226 11
740 1282 11
1804 3533 11
5450 7434 11
3837 7985 11
2199 4849 0
6205 5649 11
5241 3916 11
258 4898 11
8063 8122 11
3129 943 11
7919 8007 11
6799 5631 11
2836 1576 2
6424 1576 2
4701 7653 11
1611 6992 11
3155 6725 2
4633 1576 2
6930 2079 11
4791 6713 11
2212 2463 11
3851 3960 11
2827 7667 11
6623 6573 11
7696 2062 11
371 4469 2
1216 171 11
2646 533 11
1417 3161 11
7895 1403 11
394 129 11
1280 1426 11
2130 1201 2
7751 7044 2
609 5823 2
7742 272 11
8092 2538 11
274 4347 2
4734 7297 11
3970 6311 11
6805 2220 11
2838 1587 11
1259 2360 2
5665 7986 3
2836 4126 11
6833 782 11
2899 3711 11
2899 4001 11
2422 8111 11
4469 589 11
970 8203 11
3689 7365 2
1756 109 11
4208 5209 0
758 3423 11
3983 5007 11
2958 6491 11
19 6751 11
3971 40 2
3380 1785 11
6475 7496 11
1295 641 11
1090 5045 11
2528 4423 2
2933 6268 11
3911 1923 3
3274 6810 11
756 1524 4
2861 1790 2
7244 3751 11
6313 2989 3
5928 6449 11
2002 5802 2
4142 4703 11
6321 5793 3
5490 134 0
2699 4948 2
4189 7588 3
4943 4950 2
5234 2205 2
2836 6634 11
6064 4223 11
528 7995 2
3006 3086 2
5697 2138 11
7556 7683 11
5915 6307 11
1098 1200 2
4011 5383 2
1763 1688 11
3196 3131 11
7597 6646 11
8142 209 11
3066 3378 11
2274 3801 11
5321 1292 11
4430 6145 11
7687 1985 2
2413 6547 11
19 5613 11
2584 46 11
4834 3987 11
3152 7852 11
1506 1814 11
6042 4321 11
2787 7567 11
2737 5180 11
1576 1118 2
8103 2829 11
4669 7925 11
4656 6721 11
1662 1730 11
2980 3883 11
5271 2566 2
2471 633 11
4948 7232 11
7245 6814 11
6206 5775 11
3794 1667 11
2171 4581 11
7219 7920 11
4236 7559 11
3364 3072 11
2183 4007 11
7936 6630 11
1960 4562 11
4032 4571 2
6187 7937 11
2638 4401 11
1286 7252 11
7488 4317 11
7661 1802 11
3003 1330 11
5283 948 11
139 5872 11
6296 7326 11
3513 6161 0
5525 2979 11
4088 4328 11
2115 3161 11
7581 8093 11
6945 4207 2
7483 506 11
5938 614 11
4791 7797 11
983 3993 11
2774 5727 8
7407 1251 11
901 3870 11
2610 7615 11
3979 8029 11
6265 4240 11
2579 4670 11
7502 5194 11
4249 2360 2
4011 1201 2
5714 4640 2
2737 4180 11
341 6250 11
70 4350 11
660 5099 11
1684 285 11
3794 2197 11
6395 908 5
5268 1201 2
6136 4640 2
267 4875 0
7597 5191 2
2598 7418 11
1348 392 11
858 2593 11
6779 5227 2
3016 1836 11
1595 4649 11
1922 316 2
1157 1161 11
305 2791 11
3702 3044 11
3129 8086 11
2858 3328 11
7374 6006 11
3646 728 11
5383 4389 11
2661 6007 11
7643 6153 11
1664 3952 11
8121 7103 6
8040 6910 11
7948 6900 0
4226 2565 11
3971 985 2
6124 4566 11
1535 7671 11
7523 2265 11
928 2866 11
6141 3612 2
8092 6377 11
3624 4325 11
6368 7893 11
7273 2010 11
7830 5096 11
1061 3925 11
169 5685 11
7921 2265 11
4118 4652 0
7761 225 11
1965 6969 11
156 890 11
7311 4445 0
1150 3316 11
6611 3055 0
3703 4167 11
4750 3259 11
8218 6568 0
76 7275 11
4005 5620 0
7196 7125 3
3555 90 11
5206 6318 11
2492 5996 11
4278 5755 1
2689 6224 11
5217 1169 11
6039 3580 11
159 6179 11
7782 1777 11
2838 7780 11
2721 24 3
7045 2344 11
130 271 5
2124 7432 11
6234 3185 3
6415 5524 2
5622 5887 5
1612 3784 0
2992 2175 11
3677 1279 11
6612 7040 11
3380 5660 11
7108 841 11
170 1284 11
8213 6819 11
2544 7533 11
7771 80 2
5724 2200 11
1259 1806 3
5878 390 11
349 2003 11
7145 2067 3
7192 2772 2
698 6668 11
2854 6773 11
3133 3103 11
4948 7825 11
3515 6196 11
2118 2269 11
4262 4403 3
1783 3796 11
6385 3836 10
6669 5152 2
4470 6605 11
2735 104 11
2699 43 11
290 4286 11
3636 1977 11
6833 5360 11
7011 2946 11
6341 4052 11
5849 7501 11
7363 2371 11
6771 7199 2
2903 3433 11
758 4851 11
6382 3639 11
6709 6104 3
6278 4634 2
2135 5647 11
6927 1399 0
1318 4571 2
5594 2487 11
1884 754 11
2289 7083 11
8013 499 2
5927 2302 11
5676 1430 11
4846 5694 11
6206 1446 11
1606 4719 0
1055 7057 2
720 3083 1
168 3011 11
5201 7625 11
4800 339 11
3457 628 11
4106 4265 11
6489 1536 11
4469 3230 11
6117 4693 11
1898 2773 11
6098 610 11
2594 6144 11
3256 951 2
3657 4042 11
5903 1201 2
1751 684 3
6920 748 11
4690 524 2
2480 373 0
1057 7195 11
29 7764 11
675 7028 11
7651 5824 11
6366 7916 5
6945 6033 3
3968 5112 11
4218 1350 11
3016 7145 2
7111 3143 11
6858 5614 11
6328 6293 3
3578 3431 11
7641 564 3
3635 6656 5
1061 5839 11
4376 474 11
5540 6936 2
5008 6113 3
3555 1593 11
6089 7312 11
2387 916 5
7652 4338 11
7854 6998 3
2289 7166 11
922 6286 11
2583 4095 11
1136 3650 2
992 3150 5
5752 5595 11
2806 7792 11
3643 3001 11
5259 2252 11
3798 6863 11
7726 8098 11
7100 3588 11
938 5273 11
1130 2120 11
1830 7635 11
5927 606 11
2648 5092 0
4151 6209 11
1958 1897 11
508 7426 11
5731 1323 11
4485 2037 11
6973 4927 2
6833 2477 11
3526 2679 11
5942 5450 2
7950 5676 2
2165 6528 11
6043 1578 11
6870 7636 0
2818 1834 11
4707 5971 11
4868 1875 11
5889 4632 3
2092 8119 11
3518 694 5
1543 3140 11
7921 6657 11
7289 1576 2
8196 7392 0
6005 1385 2
672 2609 11
1576 6945 11
4361 6691 11
7405 3045 11
3716 5922 0
5383 3245 11
6221 3980 8
5535 4937 11
3669 3018 10
146 5980 3
4229 5199 11
1274 1257 0
7177 5642 11
139 3119 11
2638 712 11
3003 2418 11
5602 2645 11
7435 7168 11
92 1639 3
1830 6459 11
2419 2575 11
6658 1949 0
2686 6394 11
4920 6352 3
4882 6736 11
7715 5500 11
2699 4575 11
6489 1219 11
5227 823 11
4392 7460 11
1361 6433 11
2777 479 11
934 5409 11
2199 3293 0
5565 569 3
4222 3534 11
8144 3223 11
5880 4026 1
766 2103 3
3786 5337 11
7583 2008 11
1372 2287 11
6535 7737 11
4633 220 11
1616 8192 2
6136 6037 11
6445 3723 11
3016 994 2
810 7560 11
3116 5233 11
3358 4008 2
5548 3520 11
7091 1997 11
985 3589 2
6475 5234 2
5746 4289 11
5330 2978 0
3463 2867 11
4752 3268 11
4897 4428 11
6650 2576 5
3304 154 0
1201 4279 11
3405 4197 5
7523 747 11
2963 549 2
2868 3006 2
8142 5577 11
5746 1647 7
1922 766 11
5439 584 11
5515 1304 11
8284 1489 2
2536 4469 2
7947 3216 11
6705 953 11
2720 6042 2
6005 7853 2
3170 3007 11
5884 1012 11
4128 7010 3
2582 1443 11
805 4955 11
5115 2036 5
5234 3775 2
6686 5573 11
4530 5272 11
1960 7153 11
6640 4431 11
6117 3085 11
1136 7145 2
4309 6417 11
3589 6679 11
8145 7849 11
2479 6960 11
7333 4730 11
5227 7187 11
7351 2322 3
3118 6177 11
6858 6714 11
5201 2542 11
775 6635 2
2564 4573 11
8128 769 11
1654 6293 3
6650 6492 11
2639 898 3
2174 1017 11
3497 4895 11
1309 6807 5
5732 2627 5
3481 4825 2
4440 3087 3
1899 108 11
4527 6608 11
1229 4358 11
3623 436 6
7484 6301 11
5687 2977 11
201 6138 11
1081 5382 11
3578 1591 11
6064 6046 11
2984 6326 5
2195 3327 3
3416 1427 11
3512 63 11
6458 1120 11
6566 2444 11
5111 700 2
281 4616 11
6219 6535 2
5714 3600 11
5271 2922 2
4211 5163 11
2952 6022 11
84 1993 11
3885 1575 11
2801 1702 11
2526 1416 11
3971 7519 2
7958 5027 11
7661 1029 11
2040 5941 11
180 388 11
3636 1607 11
6328 3288 11
4507 541 11
3902 4024 11
3677 7 11
8138 4602 11
6666 6819 11
4681 4161 11
4759 5802 2
6583 2887 2
6084 5084 11
672 7765 11
2325 1404 11
6312 8087 3
1613 1306 11
521 6770 11
3756 1823 11
5998 636 3
2164 2098 11
1474 4640 2
4681 1549 11
448 6479 11
1676 5858 2
5198 1574 11
3903 925 11
4134 7069 5
2064 2844 11
604 59 11
5607 620 7
2077 4330 11
4716 8088 11
833 6679 11
2339 80 2
779 4117 11
2109 1191 11
664 4 2
4751 7722 11
1022 1718 5
2383 5126 11
2165 4876 11
483 1355 11
3018 6874 11
3358 2836 2
5321 981 11
3325 5918 11
1955 6550 11
7374 2262 11
4544 1201 2
5906 5150 11
3146 1632 11
1160 6516 11
4818 2730 11
202 299 11
5884 2832 11
1412 269 11
7854 4239 11
4134 7950 5
1459 165 3
6492 6423 11
2787 1561 11
3285 4812 11
6073 2692 11
4193 212 2
6346 3050 0
2973 236 11
6358 4300 11
424 3824 2
6532 5632 11
2274 8026 11
6672 877 0
5298 4740 5
6945 5058 2
7661 2765 11
4111 3361 11
2887 3241 2
5271 5990 2
4254 2799 11
7526 1225 11
8064 5807 11
3650 1878 11
6418 4756 11
7909 4163 11
6358 5674 11
6448 6036 11
2533 8005 11
4568 7101 11
3146 1592 11
274 7577 2
7751 2849 11
4025 8163 11
7637 4776 2
3438 2134 11
4366 1159 5
7742 565 11
1664 6635 2
4572 4705 2
2611 6146 11
5687 2633 11
1945 6042 2
5072 1258 11
2806 1388 11
6084 8017 2
3160 575 11
1960 4961 11
1611 7619 11
92 1755 2
3129 99 11
74 4637 11
5640 5366 1
6142 1030 11
5105 2995 11
422 6133 11
7337 6724 2
7009 1629 2
1595 6973 2
1576 4571 2
95 1824 11
7561 2919 11
7827 414 11
7495 5826 11
2058 5234 2
6521 8194 11
4229 3806 11
5873 3824 2
2721 6948 3
5116 211 11
3783 4976 11
5177 7263 0
7140 1341 2
4112 8072 11
3660 918 5
779 3705 11
2689 4400 11
1418 6182 11
41 8022 3
2528 5990 2
3975 7961 11
2118 1176 11
65 1844 5
673 6941 11
382 5226 11
1925 1880 11
5673 2187 10
1234 1579 11
6483 6793 11
5706 1054 2
3895 4931 11
3207 7058 11
7779 6243 0
6674 6308 11
3419 1143 10
7260 7455 0
2836 4701 3
2620 2850 11
2636 7931 2
6985 3521 2
4963 7552 11
3387 1256 11
3468 2355 11
2871 328 3
368 1360 11
1201 378 11
3655 3016 2
4527 7239 11
4676 4870 5
7544 4928 11
6841 1308 0
3065 2772 2
54 4696 11
7057 2252 11
132 3709 11
1562 6230 11
5338 7248 11
4392 1727 11
2864 7737 11
964 583 11
5299 7791 11
3497 1384 11
6135 2879 11
7301 5038 11
524 7059 11
1542 5396 11
6973 4866 2
5062 3643 5
1331 4400 2
6872 6015 11
3208 3781 11
6381 7314 0
5006 7388 11
2257 7071 0
7158 4283 11
8040 529 11
1492 4194 11
8226 5721 7
2033 7734 0
7771 5816 3
5092 944 3
477 2932 11
458 7215 11
4932 5383 2
7841 1840 11
6908 5469 5
5811 5879 11
963 4190 11
2632 6444 11
6044 6000 11
4123 3908 11
2443 5923 11
3016 1267 11
5539 2841 11
3662 5014 11
5823 8267 2
715 809 11
5800 4069 11
7855 6804 11
1286 2385 11
3323 5858 2
1637 7088 11
8036 4998 10
6213 3081 11
5147 2350 11
5490 1950 0
3710 6936 2
7107 7330 5
1884 5430 11
2404 2495 11
1268 6999 11
6176 2918 11
5031 1299 11
2858 4867 11
6351 5278 0
1804 3911 5
5154 2048 8
1648 2150 11
6059 5114 11
2360 7272 11
2794 1239 11
4489 7269 11
3968 3589 2
7140 4151 2
4101 2424 11
2650 5415 11
8103 3172 2
2716 5576 0
964 1285 11
2425 1489 2
7976 2709 11
2584 3823 11
3944 7704 11
6930 5085 11
6326 3457 5
7673 2524 11
1045 2591 11
4691 2261 11
1842 1603 11
6944 3483 11
2887 7169 2
6791 3315 11
6207 3548 11
3932 7604 11
7841 372 11
951 1755 2
4484 4056 2
3789 917 11
1830 6726 11
1027 257 11
4618 6128 11
8129 2240 5
5580 3199 11
4513 8053 11
3285 2309 2
2084 873 11
345 4910 11
5939 1328 11
4236 2925 11
3717 6803 11
5393 1151 3
673 2795 5
7496 1576 2
7641 327 3
2047 7191 2
7688 7417 11
126 2557 11
2636 5621 2
1493 5042 3
6272 3815 11
5571 7067 11
1506 5809 11
52 8121 2
3744 1827 11
5066 6742 11
5560 5291 11
6771 3901 0
5450 6571 11
5320 2414 11
2585 2815 11
6202 4301 8
2544 7962 11
440 2558 8
170 4070 11
4546 2624 11
4464 2750 3
7901 2192 11
629 8048 11
637 8186 11
660 6688 11
7145 2485 11
5513 6816 11
3104 5033 0
8219 5024 11
2155 5738 11
6670 5967 11
2793 722 11
2337 4773 11
7390 7821 2
7782 5012 2
54 1677 11
6505 1576 2
6552 2619 11
6945 1652 3
3512 2696 11
2387 4972 10
5385 3651 11
5271 6096 8
4679 4220 11
5752 3469 11
3064 2696 11
7458 8241 11
6616 8080 11
1882 6801 11
6170 7463 11
7687 5344 11
3631 6051 11
7145 632 11
419 5245 11
7626 435 11
3887 581 11
5939 2071 11
1317 900 11
3833 3844 11
629 785 11
2357 5052 11
3545 7738 11
4075 6251 11
4309 3322 11
3716 1624 0
6366 4995 3
6647 4320 11
7336 1805 11
1156 233 11
5799 6194 11
777 7036 11
810 7008 11
1065 2472 11
5336 5227 2
3513 5125 0
481 4648 11
4734 764 11
4761 1106 3
6824 3012 11
5352 8003 11
1483 1374 11
5365 1625 11
654 6572 0
5698 8188 11
8147 6589 11
3601 7208 11
6945 4430 3
7108 5494 11
4903 3728 11
12 1972 11
6616 7543 11
5755 2321 11
3506 1272 0
1309 189 2
1227 1831 11
6875 2360 2
6326 5657 3
3104 3261 0
243 4353 11
5115 736 5
6253 6131 11
3366 6533 11
1893 1709 3
3387 3257 11
5458 3713 11
768 3906 11
4455 7137 0
5522 2783 11
1039 6586 0
6982 746 11
7733 621 2
2455 3309 11
2104 8099 11
2861 7847 11
4287 1321 11
4752 4359 11
612 1614 11
369 4695 11
3529 1850 11
5889 5393 2
7526 602 11
7050 3537 11
3382 7282 11
4542 4617 11
2112 1584 11
7075 3869 11
3549 7336 2
3291 827 11
2927 5222 3
1462 974 11
2732 606 11
3125 1370 11
6518 7749 11
6513 61 11
8085 1087 11
1813 6608 11
1600 1788 11
7950 6834 5
7973 6041 11
2091 3866 11
6080 4676 2
2787 4248 2
5065 256 11
6715 7145 2
3708 2451 3
3180 3488 11
4634 2602 11
3747 3336 11
288 2392 11
2223 1489 2
5953 6076 2
6778 3006 2
1933 234 3
3358 7544 2
3759 2274 11
664 7092 11
6766 1240 11
855 4073 11
4530 4148 11
5060 3856 11
6265 5605 11
5805 3020 11
5308 502 2
5507 2156 3
3721 4239 11
3297 5950 11
5271 173 3
1772 6752 11
2112 1725 11
5588 1720 11
5080 4015 11
6312 4676 2
1221 5944 11
4277 3547 11
2178 5970 2
2882 2761 11
6136 3377 11
7333 757 11
5470 38 11
1364 7151 3
5515 1358 11
2116 7157 11
4178 1003 0
7827 7897 11
1050 3831 11
6534 2073 2
6631 504 11
3061 7519 2
2794 3237 11
6973 928 3
2310 3139 11
7107 4175 11
3515 4671 11
1044 3982 11
5357 5603 2
6181 3898 11
4901 2887 2
1245 2117 5
4586 270 11
7122 5581 11
8215 4957 11
5458 5190 11
897 1433 2
4823 1204 11
6658 3824 2
5076 649 11
6340 7428 11
1563 178 11
664 7815 11
7306 1655 11
7407 2186 11
6664 2654 0
2092 556 2
4130 2698 11
5329 8044 11
1217 822 11
4596 5917 3
6135 7907 11
7686 2360 2
5990 2528 2
5993 6951 11
6670 2128 11
6824 5228 11
5227 1533 2
7475 5363 11
7565 5822 0
285 2746 6
2012 7566 11
1791 8245 0
6299 7373 2
3369 7307 11
7278 4735 11
7757 5159 11
6945 6787 3
135 2535 11
6629 5511 11
7464 853 11
116 2481 11
52 5393 2
7860 722 11
7359 7803 11
804 7042 3
1789 7255 11
928 1966 3
4182 652 11
6962 2149 11
709 7785 11
7356 19 2
4658 4342 11
3162 4469 2
7958 3870 11
4488 1421 11
6464 3167 11
7502 5425 11
3476 115 11
2480 4706 0
2631 1162 2
1763 5203 11
4948 2699 11
6176 1254 11
6492 1768 11
4361 8123 11
3577 5650 11
3159 3016 2
607 4089 11
3282 6118 11
558 3372 11
5592 3247 11
2839 3666 11
3905 6465 11
3509 7461 11
5844 1686 0
4036 7873 11
82 7465 0
8103 4791 2
7253 7078 0
5480 8121 2
3983 85 11
2422 4304 11
7975 2089 11
3610 2227 5
2164 2836 2
5141 7403 3
345 5895 11
5130 1846 11
7138 6682 11
5357 2442 2
619 2552 11
4423 1989 11
2058 3924 3
1543 6387 11
573 797 10
8101 7680 11
5938 4411 11
8180 1668 0
6590 6123 11
6405 4589 11
2317 7431 11
1402 7743 11
6482 4266 11
2635 4248 2
886 6488 11
688 263 5
3373 3780 11
621 1576 2
2838 7800 11
4781 3807 11
5778 4452 11
5051 418 2
1354 118 11
3895 5891 11
2978 6741 11
2117 3686 5
182 3251 11
6267 7818 11
3240 4443 11
4192 7964 11
839 5736 2
1372 7237 11
7521 4521 11
8115 6964 11
4701 612 2
169 7488 5
551 2023 3
1662 7393 11
4367 7031 2
939 1701 11
510 7716 11
1105 8207 11
5542 1037 9
2455 4797 11
1746 4114 11
5868 5492 11
5894 7084 11
3759 6461 5
7122 7600 11
6765 6627 11
1502 5991 11
2570 7681 11
4478 2588 0
5115 4820 5
476 4724 3
5513 2628 11
3902 5252 11
7216 6535 2
1772 4163 11
2040 5504 11
7001 8064 2
5571 7463 11
8121 7226 6
801 6970 1
4485 3766 11
7336 634 11
6799 4822 11
3717 3814 11
189 1203 11
6253 3691 11
7578 7057 2
1201 6350 11
8185 2755 11
4815 5242 11
6765 6735 3
8226 1881 11
5217 5173 11
4763 7035 11
709 6544 11
4906 4862 11
1072 4082 11
3109 5319 11
4229 1711 11
2536 4806 5
786 4261 11
1028 5220 11
7608 1082 11
3741 5524 2
2858 3460 11
1440 2972 11
6905 323 11
1125 6332 11
2443 8236 11
5852 5367 11
7814 213 3
1620 4375 11
998 4475 11
2927 6676 11
5321 1792 11
858 6408 11
7733 3759 2
3476 7884 11
7278 1866 11
6463 6223 11
4045 5310 7
6173 3896 5
3975 1353 11
882 5371 11
655 7741 11
3511 1508 11
1746 5381 11
3253 2290 11
4407 8249 11
8040 995 11
884 438 11
1280 3921 11
3984 3660 2
6086 4608 11
1206 3642 11
5450 2639 11
1512 2697 3
7045 7804 11
3387 4297 11
1123 6083 11
6441 8025 11
2568 7656 3
7496 1248 11
7768 3018 2
4757 2855 3
4705 3221 6
6869 6428 11
2064 4438 11
3638 4579 11
939 3465 11
2118 472 11
7050 3540 11
664 5479 11
4716 4541 11
7122 4590 11
6326 5088 0
1343 7128 11
6206 1968 5
3146 2349 11
7033 5675 11
6057 4237 11
4620 4704 11
3601 8095 11
4254 8151 11
8092 6390 11
1356 515 11
6142 1413 11
4948 7461 11
4633 5400 11
2777 2270 11
8121 6329 1
1450 7707 11
133 6760 11
6832 1917 11
7744 2643 11
6093 1726 5
2825 915 2
6623 4357 11
7972 3323 2
1750 803 11
7405 5750 11
6578 7178 11
2490 5043 11
985 6524 2
3234 333 11
4478 5910 0
7200 725 11
8262 7123 11
1987 4656 2
5472 2604 0
2002 3351 11
126 8156 11
4010 2751 11
6779 7145 2
3887 5515 2
4958 5888 11
6945 1290 2
8092 7848 11
4871 7251 11
3563 5846 3
1691 6979 11
5447 2519 11
6125 7386 11
5903 5227 2
7390 4550 2
5001 4274 11
4906 880 11
4687 7995 2
551 2232 3
826 8030 11
1368 8199 0
5567 6943 11
7814 5898 11
3689 4532 11
6136 1576 2
2303 456 0
3412 7327 11
2800 246 3
1749 2403 3
305 5397 2
1121 3414 11
6470 6399 11
8077 7911 11
888 5661 11
5710 7710 1
4123 7633 11
7787 7190 11
8071 3852 3
2569 3137 3
8101 1081 2
7204 2103 3
130 1682 5
950 6520 11
597 6527 11
8192 2514 11
2858 1902 11
8147 5646 11
6445 7478 11
2732 5578 11
8147 3269 3
160 3462 11
2997 8167 11
5745 4803 11
6227 570 11
194 4425 11
267 8127 0
7496 1064 0
7536 3863 11
139 6156 11
2476 112 11
6043 7343 11
5393 6494 11
8131 6854 11
998 1864 11
5973 1327 11
7938 3578 2
4367 926 11
2944 210 11
1569 4674 11
1734 7887 11
7370 7571 11
2569 3132 2
4084 3759 2
4877 2680 11
2338 5234 2
6004 7142 11
1893 4638 11
6768 6239 2
6217 3578 2
2077 5636 11
3650 5227 3
419 2076 11
5938 1347 11
7061 952 11
5060 7844 2
6056 2276 11
6945 1329 11
5392 965 11
4412 5102 11
7827 7448 11
463 4512 11
1535 5185 11
2164 6644 11
3386 3505 0
5155 7634 5
7921 3280 11
3851 7055 11
383 6338 11
6462 7284 11
7100 5057 5
7484 6471 11
1764 5726 11
5637 6608 11
5863 3424 0
6458 409 11
6262 4683 11
3612 5582 5
7919 5172 11
679 4207 11
6249 3447 11
7801 2833 5
3208 248 11
3311 7145 2
715 6608 11
6532 6451 11
786 7793 5
5769 3826 11
5652 1164 11
3857 6420 11
6848 3112 11
5556 7230 11
7696 475 11
6566 8152 11
7641 3872 3
5565 4447 5
1201 2018 11
7976 6052 11
349 4710 11
1795 4360 2
1697 288 5
858 5554 11
2961 842 11
2393 1019 11
3983 3006 2
4760 941 11
6800 5753 11
2208 252 11
3125 6426 11
3125 3719 11
80 846 11
477 5515 2
1375 6851 11
4930 5787 3
819 5236 11
1094 1732 11
2635 5823 2
4981 7910 11
4496 2329 11
5080 3229 11
6173 966 5
4193 6467 0
7520 2139 11
1882 644 11
7913 7568 11
5769 4821 11
8082 3954 11
3506 6914 11
1044 3455 11
7807 4896 11
2115 3048 11
4010 1930 11
1791 743 0
6616 659 11
4669 1560 11
4302 3888 11
2084 5225 11
2461 1979 11
2597 8020 11
2564 6473 11
4014 571 11
1286 2753 11
1611 1705 11
7662 4603 11
4489 1903 11
2227 2547 11
5095 7285 11
8161 2254 11
3463 2043 11
3040 1291 11
6858 3800 11
408 86 11
5832 5203 11
7253 3997 0
2112 1888 11
4834 3981 11
1034 5432 0
2069 3581 11
5244 122 11
7342 3292 11
3006 102 11
7458 7139 11
4751 7183 11
6827 7041 2
4488 2918 11
1462 5945 11
3610 4734 5
5677 5751 0
371 5589 11
4656 5990 5
264 5524 2
4420 2118 2
4096 1719 11
6025 1511 11
6463 2845 11
5928 6912 11
3482 3192 11
866 4841 11
4877 4947 2
6166 2539 11
4367 7437 0
329 1742 2
1595 7502 2
3868 3242 11
2339 2887 2
7627 561 11
309 908 5
6747 7415 11
1433 978 11
5811 6826 11
5134 3574 11
1038 2031 2
703 3578 2
8121 303 6
963 6840 10
901 6957 11
6005 1617 2
3646 3989 11
3310 4281 11
6623 6811 11
630 5070 2
5937 4990 11
4453 2436 11
5600 5549 11
6147 3198 2
7480 6280 11
1651 3848 5
2711 5743 11
4238 2087 11
65 5010 5
6102 4598 11
3198 7068 3
1825 6996 11
2836 3262 11
2488 2826 3
1925 3809 11
6907 2671 11
2903 4430 11
4056 195 11
6098 1896 11
2239 7016 11
5490 7057 2
3416 4912 11
2897 2485 11
4729 7396 11
2489 2190 11
4481 3596 11
5883 6828 11
3021 6838 11
2352 7165 5
2626 6997 2
3317 2830 11
3491 6266 11
5652 2659 11
5135 247 11
2649 6369 11
6208 4450 11
934 7429 11
4388 6630 11
2013 4734 3
3282 8168 11
7435 7949 11
5 2860 11
2183 5332 11
7173 2252 11
2034 2118 2
6098 1152 11
2922 5545 5
6791 713 11
5760 2169 11
2885 2423 8
5638 4475 11
1569 7462 11
2526 5537 11
6102 3090 11
7544 2381 11
7895 671 11
2179 3855 11
6887 3729 0
477 2571 3
3599 4791 2
3064 7136 11
5698 428 11
5778 5997 11
5065 6865 11
3968 1373 2
1822 3005 2
7500 7214 2
1971 306 11
3158 2525 11
8115 7881 11
2360 4426 11
688 3892 5
3253 1692 11
4669 7788 11
6920 1231 3
848 5148 11
57 8173 11
5177 7145 2
8192 7870 11
866 3561 11
5937 1471 11
7301 3510 11
6351 2291 11
7060 6667 5
5147 7397 11
2997 6170 11
2630 5058 2
7046 1163 11
271 631 11
69 4296 0
6936 6485 2
7715 60 11
6222 2016 11
7311 2993 0
3436 903 11
4482 1812 11
2325 945 2
6402 12 5
80 2449 11
999 5981 11
4025 3486 11
5548 3148 11
7650 5536 0
5151 2440 5
1535 6878 11
135 1489 2
4440 1944 5
7539 1031 11
7306 7845 11
4791 2103 3
5234 3632 3
132 7352 11
7099 1422 11
608 2059 11
4498 3275 11
8039 7246 11
4142 5473 3
2699 1988 3
4591 5703 3
960 719 0
2124 5952 11
5271 704 2
7500 1724 2
6962 7220 2
835 1507 11
612 6922 11
6170 4493 11
130 2960 5
2843 4340 11
7921 7922 11
2973 687 11
33 3634 11
5580 1138 11
1201 6743 11
4676 4250 5
5987 1889 11
1095 6045 5
3967 2173 11
6476 3530 11
7631 6055 11
2383 1181 11
5475 4202 11
1605 1976 11
5262 4754 5
7421 6388 11
2641 55 11
5568 622 11
6393 6606 0
1432 4351 11
5844 75 5
7651 3782 11
1331 765 2
135 3079 11
5146 7677 11
5481 7497 3
